%YAML:1.0
---

#路口的设备总数 4是十字路口，3是T型路口
mec_num: 4

#当前数据的设备序号，即哪一台设备所采集的数据

data_num: 2


#83号路口
# #以1号radar坐标为全局原点：
# lat0: 39.08245244
# lon0: 117.0434205
# height0: -7.038

# #1号雷达GPS坐标:
# lat1: 39.08245244
# lon1: 117.0434205
# height1: -7.038

# #2号雷达GPS坐标:
# lat2: 39.08179735
# lon2: 117.04361432
# height2: -7.104

# #3号雷达GPS坐标:
# lat3: 39.08169408
# lon3: 117.04278509
# height3: -7.072

# #4号雷达GPS坐标:
# lat4: 39.08232708
# lon4: 117.04261154
# height4: -7.100

#84号路口
#以1号radar坐标为全局原点：
lat0: 39.07633051
lon0: 117.0462822
height0: -6.644

#1号雷达GPS坐标:
lat1: 39.07633051
lon1: 117.0462822
height1: -6.644

#2号雷达GPS坐标:
lat2: 39.07576076
lon2: 117.0464923
height2: -6.325

#3号雷达GPS坐标:
lat3: 39.07547653
lon3: 117.0456503
height3: -6.158

#4号雷达GPS坐标:
lat4: 39.07604811
lon4: 117.0453622
height4: -6.368

#YUSHI camera wh02

cam_to_UTM: !!opencv-matrix
   rows: 3
   cols: 3
   dt: d
   data: [  -2.3560143327942278e+00, -9.4557946219048414e+00,
       1.1416262118609655e+04, -2.3589692344192645e+00,
       3.9067996569010610e+01, -3.5515262669397289e+03,
       -7.9956414176767833e-03, -5.2387668723214564e-01, 1.   ]
UTM_to_cam: !!opencv-matrix
   rows: 3
   cols: 3
   dt: d
   data: [ 1.5589931126387000e+01, 5.1938326201858899e+01,
       3.5723225636882476e+03, -3.0676201818165943e-01,
       -4.3879198386131996e-01, 3.1554261038644086e+02,
       -1.3470753949326912e-02, 1.0423968613063907e-02, 1. ]

#sunyan radar   83_2
# Tx: 16.7706
# Ty: -72.7261
# YAW: 0.915919
# H_radar: 6.0

#radar 84_2
Tx: 18.1808
Ty: -63.2518
YAW: 1.12814
#YAW: 1.05115
H_radar: 6.0
