timestame:1620902379.515000000,objid:2,type:0,xpos:0.000000,ypos:0.000000,xspeed:-1.010000,yspeed:-0.230000,angle:-4.010000,distense:72.600000,rcs:9.000000
timestame:1620902379.515000000,objid:4,type:0,xpos:0.000000,ypos:0.000000,xspeed:1.450000,yspeed:-4.180000,angle:-8.720000,distense:57.000000,rcs:23.000000
timestame:1620902379.515000000,objid:5,type:0,xpos:0.000000,ypos:0.000000,xspeed:-8.540000,yspeed:5.170000,angle:-11.930000,distense:55.000000,rcs:20.000000
timestame:1620902379.515000000,objid:7,type:0,xpos:0.000000,ypos:0.000000,xspeed:-3.740000,yspeed:0.190000,angle:-5.240000,distense:82.800000,rcs:16.000000
