timestame:1620902374.549000000,objid:4,type:0,xpos:0.000000,ypos:0.000000,xspeed:-1.410000,yspeed:-0.130000,angle:15.360000,distense:20.600000,rcs:9.000000
timestame:1620902374.549000000,objid:6,type:0,xpos:0.000000,ypos:0.000000,xspeed:-1.190000,yspeed:0.260000,angle:-18.000000,distense:39.400000,rcs:9.000000
timestame:1620902374.549000000,objid:7,type:0,xpos:0.000000,ypos:0.000000,xspeed:-4.570000,yspeed:-0.260000,angle:-4.890000,distense:100.800000,rcs:13.000000
