timestame:1620902397.183000000,objid:2,type:0,xpos:0.000000,ypos:0.000000,xspeed:11.500000,yspeed:-0.010000,angle:0.860000,distense:110.600000,rcs:12.000000
timestame:1620902397.183000000,objid:5,type:0,xpos:0.000000,ypos:0.000000,xspeed:8.680000,yspeed:0.080000,angle:0.870000,distense:148.200000,rcs:9.000000
