timestame:1620902395.453000000,objid:2,type:0,xpos:0.000000,ypos:0.000000,xspeed:10.890000,yspeed:0.170000,angle:1.190000,distense:89.800000,rcs:16.000000
timestame:1620902395.453000000,objid:5,type:0,xpos:0.000000,ypos:0.000000,xspeed:9.710000,yspeed:-0.040000,angle:0.790000,distense:134.400000,rcs:9.000000
