timestame:1620902394.524000000,objid:2,type:0,xpos:0.000000,ypos:0.000000,xspeed:10.390000,yspeed:0.130000,angle:1.240000,distense:78.600000,rcs:20.000000
timestame:1620902394.524000000,objid:5,type:0,xpos:0.000000,ypos:0.000000,xspeed:9.980000,yspeed:-0.100000,angle:0.780000,distense:125.400000,rcs:15.000000
