timestame:1620902367.478000000,objid:4,type:0,xpos:0.000000,ypos:0.000000,xspeed:-1.210000,yspeed:-0.470000,angle:14.740000,distense:30.000000,rcs:15.000000
timestame:1620902367.478000000,objid:5,type:0,xpos:0.000000,ypos:0.000000,xspeed:14.530000,yspeed:-0.160000,angle:-0.630000,distense:206.800000,rcs:9.000000
timestame:1620902367.478000000,objid:6,type:0,xpos:0.000000,ypos:0.000000,xspeed:-1.460000,yspeed:-0.600000,angle:-18.000000,distense:48.200000,rcs:6.000000
