timestame:1620902394.206000000,objid:2,type:0,xpos:0.000000,ypos:0.000000,xspeed:10.250000,yspeed:0.090000,angle:1.210000,distense:75.200000,rcs:18.000000
timestame:1620902394.206000000,objid:5,type:0,xpos:0.000000,ypos:0.000000,xspeed:10.000000,yspeed:-0.080000,angle:0.840000,distense:122.400000,rcs:12.000000
