timestame:1620902385.701000000,objid:3,type:0,xpos:0.000000,ypos:0.000000,xspeed:-1.240000,yspeed:5.130000,angle:21.640000,distense:52.000000,rcs:13.000000
timestame:1620902385.701000000,objid:5,type:0,xpos:0.000000,ypos:0.000000,xspeed:5.820000,yspeed:0.030000,angle:2.730000,distense:41.400000,rcs:22.000000
timestame:1620902385.701000000,objid:7,type:0,xpos:0.000000,ypos:0.000000,xspeed:-7.680000,yspeed:-0.130000,angle:-11.980000,distense:40.400000,rcs:22.000000
