timestame:1620902366.983000000,objid:4,type:0,xpos:0.000000,ypos:0.000000,xspeed:-1.100000,yspeed:-0.460000,angle:14.840000,distense:30.800000,rcs:12.000000
timestame:1620902366.983000000,objid:5,type:0,xpos:0.000000,ypos:0.000000,xspeed:14.510000,yspeed:-0.130000,angle:-0.600000,distense:198.800000,rcs:9.000000
timestame:1620902366.983000000,objid:6,type:0,xpos:0.000000,ypos:0.000000,xspeed:-1.380000,yspeed:-0.330000,angle:-18.000000,distense:48.800000,rcs:6.000000
