timestame:1620902387.386000000,objid:5,type:0,xpos:0.000000,ypos:0.000000,xspeed:7.010000,yspeed:-0.040000,angle:1.990000,distense:54.800000,rcs:24.000000
timestame:1620902387.386000000,objid:6,type:0,xpos:0.000000,ypos:0.000000,xspeed:2.350000,yspeed:0.070000,angle:4.650000,distense:21.200000,rcs:20.000000
timestame:1620902387.386000000,objid:7,type:0,xpos:0.000000,ypos:0.000000,xspeed:-8.350000,yspeed:-0.080000,angle:-18.000000,distense:25.800000,rcs:9.000000
