timestame:1620902369.151000000,objid:4,type:0,xpos:0.000000,ypos:0.000000,xspeed:-1.270000,yspeed:-0.190000,angle:15.370000,distense:28.000000,rcs:15.000000
timestame:1620902369.151000000,objid:6,type:0,xpos:0.000000,ypos:0.000000,xspeed:-1.460000,yspeed:-0.230000,angle:-18.000000,distense:46.000000,rcs:6.000000
timestame:1620902369.151000000,objid:7,type:0,xpos:0.000000,ypos:0.000000,xspeed:-7.400000,yspeed:-1.190000,angle:-3.670000,distense:128.000000,rcs:13.000000
