timestame:1620902375.103000000,objid:4,type:0,xpos:0.000000,ypos:0.000000,xspeed:-1.360000,yspeed:-0.100000,angle:15.870000,distense:20.000000,rcs:6.000000
timestame:1620902375.103000000,objid:6,type:0,xpos:0.000000,ypos:0.000000,xspeed:-1.230000,yspeed:0.230000,angle:-18.000000,distense:38.800000,rcs:6.000000
timestame:1620902375.103000000,objid:7,type:0,xpos:0.000000,ypos:0.000000,xspeed:-4.370000,yspeed:-0.160000,angle:-4.910000,distense:98.800000,rcs:9.000000
