timestame:1620902394.143000000,objid:2,type:0,xpos:0.000000,ypos:0.000000,xspeed:10.200000,yspeed:0.090000,angle:1.210000,distense:74.400000,rcs:16.000000
timestame:1620902394.143000000,objid:5,type:0,xpos:0.000000,ypos:0.000000,xspeed:10.020000,yspeed:-0.030000,angle:0.900000,distense:121.800000,rcs:12.000000
