timestame:1620902389.922000000,objid:5,type:0,xpos:0.000000,ypos:0.000000,xspeed:8.940000,yspeed:0.140000,angle:1.650000,distense:78.800000,rcs:19.000000
timestame:1620902389.922000000,objid:6,type:0,xpos:0.000000,ypos:0.000000,xspeed:4.400000,yspeed:0.180000,angle:3.540000,distense:33.600000,rcs:26.000000
