timestame:1620902384.528000000,objid:4,type:0,xpos:0.000000,ypos:0.000000,xspeed:-4.900000,yspeed:4.050000,angle:11.630000,distense:48.000000,rcs:9.000000
timestame:1620902384.528000000,objid:5,type:0,xpos:0.000000,ypos:0.000000,xspeed:4.510000,yspeed:-0.140000,angle:3.180000,distense:33.800000,rcs:9.000000
timestame:1620902384.528000000,objid:7,type:0,xpos:0.000000,ypos:0.000000,xspeed:-7.360000,yspeed:-0.130000,angle:-9.520000,distense:49.400000,rcs:6.000000
timestame:1620902384.528000000,objid:8,type:0,xpos:0.000000,ypos:0.000000,xspeed:-2.270000,yspeed:5.220000,angle:14.310000,distense:50.800000,rcs:13.000000
