timestame:1620902382.303000000,objid:4,type:0,xpos:0.000000,ypos:0.000000,xspeed:-4.990000,yspeed:2.170000,angle:-0.720000,distense:58.000000,rcs:18.000000
timestame:1620902382.303000000,objid:7,type:0,xpos:0.000000,ypos:0.000000,xspeed:-5.510000,yspeed:0.010000,angle:-6.650000,distense:67.000000,rcs:22.000000
