timestame:1620902388.872000000,objid:5,type:0,xpos:0.000000,ypos:0.000000,xspeed:8.190000,yspeed:-0.010000,angle:1.610000,distense:68.000000,rcs:30.000000
timestame:1620902388.872000000,objid:6,type:0,xpos:0.000000,ypos:0.000000,xspeed:3.540000,yspeed:-0.050000,angle:3.450000,distense:27.600000,rcs:26.000000
