timestame:1620902385.393000000,objid:5,type:0,xpos:0.000000,ypos:0.000000,xspeed:5.540000,yspeed:-0.040000,angle:2.750000,distense:39.400000,rcs:32.000000
timestame:1620902385.393000000,objid:7,type:0,xpos:0.000000,ypos:0.000000,xspeed:-7.610000,yspeed:-0.100000,angle:-11.210000,distense:42.800000,rcs:20.000000
