timestame:1620902388.626000000,objid:5,type:0,xpos:0.000000,ypos:0.000000,xspeed:7.980000,yspeed:-0.020000,angle:1.650000,distense:65.600000,rcs:22.000000
timestame:1620902388.626000000,objid:6,type:0,xpos:0.000000,ypos:0.000000,xspeed:3.340000,yspeed:-0.020000,angle:3.710000,distense:26.400000,rcs:20.000000
