timestame:1620902380.069000000,objid:2,type:0,xpos:0.000000,ypos:0.000000,xspeed:-1.490000,yspeed:-0.150000,angle:-4.060000,distense:71.000000,rcs:22.000000
timestame:1620902380.069000000,objid:5,type:0,xpos:0.000000,ypos:0.000000,xspeed:-2.200000,yspeed:-4.140000,angle:-15.420000,distense:55.800000,rcs:20.000000
timestame:1620902380.069000000,objid:7,type:0,xpos:0.000000,ypos:0.000000,xspeed:-3.910000,yspeed:0.130000,angle:-5.440000,distense:80.200000,rcs:6.000000
