timestame:1620902369.089000000,objid:4,type:0,xpos:0.000000,ypos:0.000000,xspeed:-1.280000,yspeed:-0.170000,angle:15.410000,distense:28.000000,rcs:9.000000
timestame:1620902369.089000000,objid:6,type:0,xpos:0.000000,ypos:0.000000,xspeed:-1.450000,yspeed:-0.270000,angle:-18.000000,distense:46.000000,rcs:9.000000
timestame:1620902369.089000000,objid:7,type:0,xpos:0.000000,ypos:0.000000,xspeed:-7.440000,yspeed:-1.370000,angle:-3.720000,distense:128.400000,rcs:15.000000
