timestame:1620902391.355000000,objid:2,type:0,xpos:0.000000,ypos:0.000000,xspeed:10.000000,yspeed:0.670000,angle:2.010000,distense:46.800000,rcs:26.000000
timestame:1620902391.355000000,objid:5,type:0,xpos:0.000000,ypos:0.000000,xspeed:9.720000,yspeed:0.030000,angle:1.290000,distense:93.600000,rcs:16.000000
