timestame:1620902362.539000000,objid:5,type:0,xpos:0.000000,ypos:0.000000,xspeed:12.550000,yspeed:-0.220000,angle:-0.530000,distense:133.200000,rcs:12.000000
timestame:1620902362.539000000,objid:6,type:0,xpos:0.000000,ypos:0.000000,xspeed:-1.170000,yspeed:0.000000,angle:-18.000000,distense:53.800000,rcs:6.000000
