timestame:1620902384.589000000,objid:4,type:0,xpos:0.000000,ypos:0.000000,xspeed:-4.900000,yspeed:4.050000,angle:11.980000,distense:47.600000,rcs:9.000000
timestame:1620902384.589000000,objid:5,type:0,xpos:0.000000,ypos:0.000000,xspeed:4.620000,yspeed:-0.190000,angle:3.080000,distense:34.200000,rcs:21.000000
timestame:1620902384.589000000,objid:7,type:0,xpos:0.000000,ypos:0.000000,xspeed:-7.380000,yspeed:-0.230000,angle:-9.850000,distense:49.000000,rcs:15.000000
timestame:1620902384.589000000,objid:8,type:0,xpos:0.000000,ypos:0.000000,xspeed:-1.610000,yspeed:3.880000,angle:13.850000,distense:51.000000,rcs:18.000000
