timestame:1620902380.932000000,objid:2,type:0,xpos:0.000000,ypos:0.000000,xspeed:-1.870000,yspeed:-0.050000,angle:-4.080000,distense:68.800000,rcs:23.000000
timestame:1620902380.932000000,objid:4,type:0,xpos:0.000000,ypos:0.000000,xspeed:-3.350000,yspeed:0.540000,angle:-3.410000,distense:65.400000,rcs:18.000000
timestame:1620902380.932000000,objid:5,type:0,xpos:0.000000,ypos:0.000000,xspeed:-1.190000,yspeed:-6.800000,angle:-18.000000,distense:57.800000,rcs:15.000000
timestame:1620902380.932000000,objid:7,type:0,xpos:0.000000,ypos:0.000000,xspeed:-4.340000,yspeed:-0.030000,angle:-5.960000,distense:76.000000,rcs:15.000000
