timestame:1620902394.586000000,objid:2,type:0,xpos:0.000000,ypos:0.000000,xspeed:10.490000,yspeed:0.110000,angle:1.200000,distense:80.000000,rcs:20.000000
timestame:1620902394.586000000,objid:5,type:0,xpos:0.000000,ypos:0.000000,xspeed:9.940000,yspeed:-0.060000,angle:0.820000,distense:126.600000,rcs:9.000000
