timestame:1620902375.973000000,objid:4,type:0,xpos:0.000000,ypos:0.000000,xspeed:-1.300000,yspeed:-0.060000,angle:16.670000,distense:19.000000,rcs:9.000000
timestame:1620902375.973000000,objid:6,type:0,xpos:0.000000,ypos:0.000000,xspeed:-1.220000,yspeed:0.220000,angle:-18.000000,distense:37.800000,rcs:9.000000
timestame:1620902375.973000000,objid:7,type:0,xpos:0.000000,ypos:0.000000,xspeed:-4.110000,yspeed:-0.060000,angle:-4.970000,distense:95.600000,rcs:16.000000
