timestame:1620902370.198000000,objid:5,type:0,xpos:0.000000,ypos:0.000000,xspeed:17.190000,yspeed:0.000000,angle:12.590000,distense:32.200000,rcs:9.000000
timestame:1620902370.198000000,objid:6,type:0,xpos:0.000000,ypos:0.000000,xspeed:-1.360000,yspeed:-0.180000,angle:-18.000000,distense:44.800000,rcs:6.000000
timestame:1620902370.198000000,objid:7,type:0,xpos:0.000000,ypos:0.000000,xspeed:-6.950000,yspeed:-0.800000,angle:-4.080000,distense:121.200000,rcs:12.000000
