timestame:1620902383.172000000,objid:3,type:0,xpos:0.000000,ypos:0.000000,xspeed:1.030000,yspeed:0.000000,angle:4.130000,distense:25.600000,rcs:25.000000
timestame:1620902383.172000000,objid:4,type:0,xpos:0.000000,ypos:0.000000,xspeed:-5.270000,yspeed:3.200000,angle:3.190000,distense:53.200000,rcs:13.000000
timestame:1620902383.172000000,objid:7,type:0,xpos:0.000000,ypos:0.000000,xspeed:-6.170000,yspeed:-0.110000,angle:-7.570000,distense:61.000000,rcs:22.000000
