timestame:1620902386.709000000,objid:5,type:0,xpos:0.000000,ypos:0.000000,xspeed:6.430000,yspeed:0.100000,angle:2.500000,distense:48.800000,rcs:27.000000
timestame:1620902386.709000000,objid:6,type:0,xpos:0.000000,ypos:0.000000,xspeed:1.810000,yspeed:0.340000,angle:5.530000,distense:18.800000,rcs:20.000000
timestame:1620902386.709000000,objid:7,type:0,xpos:0.000000,ypos:0.000000,xspeed:-8.010000,yspeed:0.000000,angle:-15.000000,distense:32.000000,rcs:16.000000
