timestame:1620902373.615000000,objid:4,type:0,xpos:0.000000,ypos:0.000000,xspeed:-1.430000,yspeed:-0.230000,angle:14.580000,distense:21.800000,rcs:6.000000
timestame:1620902373.615000000,objid:6,type:0,xpos:0.000000,ypos:0.000000,xspeed:-1.230000,yspeed:0.280000,angle:-18.000000,distense:40.600000,rcs:9.000000
timestame:1620902373.615000000,objid:7,type:0,xpos:0.000000,ypos:0.000000,xspeed:-5.020000,yspeed:-0.030000,angle:-4.340000,distense:104.400000,rcs:6.000000
