timestame:1620902390.734000000,objid:5,type:0,xpos:0.000000,ypos:0.000000,xspeed:9.400000,yspeed:0.050000,angle:1.400000,distense:86.800000,rcs:13.000000
timestame:1620902390.734000000,objid:6,type:0,xpos:0.000000,ypos:0.000000,xspeed:5.120000,yspeed:-0.030000,angle:2.690000,distense:38.600000,rcs:26.000000
