timestame:1620902370.574000000,objid:4,type:0,xpos:0.000000,ypos:0.000000,xspeed:-1.100000,yspeed:-0.490000,angle:14.560000,distense:26.600000,rcs:6.000000
timestame:1620902370.574000000,objid:5,type:0,xpos:0.000000,ypos:0.000000,xspeed:17.190000,yspeed:0.000000,angle:10.570000,distense:38.200000,rcs:9.000000
timestame:1620902370.574000000,objid:6,type:0,xpos:0.000000,ypos:0.000000,xspeed:-1.340000,yspeed:-0.180000,angle:-18.000000,distense:44.400000,rcs:6.000000
timestame:1620902370.574000000,objid:7,type:0,xpos:0.000000,ypos:0.000000,xspeed:-6.760000,yspeed:-0.580000,angle:-4.070000,distense:119.000000,rcs:13.000000
