timestame:1620902381.564000000,objid:4,type:0,xpos:0.000000,ypos:0.000000,xspeed:-4.810000,yspeed:1.290000,angle:-2.750000,distense:62.000000,rcs:6.000000
timestame:1620902381.564000000,objid:7,type:0,xpos:0.000000,ypos:0.000000,xspeed:-4.740000,yspeed:0.070000,angle:-6.090000,distense:72.400000,rcs:20.000000
