timestame:1620902380.870000000,objid:2,type:0,xpos:0.000000,ypos:0.000000,xspeed:-1.870000,yspeed:-0.050000,angle:-4.070000,distense:68.800000,rcs:23.000000
timestame:1620902380.870000000,objid:4,type:0,xpos:0.000000,ypos:0.000000,xspeed:-1.510000,yspeed:-0.330000,angle:-3.510000,distense:66.000000,rcs:18.000000
timestame:1620902380.870000000,objid:5,type:0,xpos:0.000000,ypos:0.000000,xspeed:-1.290000,yspeed:-6.500000,angle:-18.000000,distense:57.600000,rcs:6.000000
timestame:1620902380.870000000,objid:7,type:0,xpos:0.000000,ypos:0.000000,xspeed:-4.270000,yspeed:-0.020000,angle:-5.920000,distense:76.400000,rcs:15.000000
