timestame:1620902387.823000000,objid:5,type:0,xpos:0.000000,ypos:0.000000,xspeed:7.360000,yspeed:-0.070000,angle:1.810000,distense:58.400000,rcs:30.000000
timestame:1620902387.823000000,objid:6,type:0,xpos:0.000000,ypos:0.000000,xspeed:2.720000,yspeed:0.070000,angle:4.420000,distense:22.800000,rcs:27.000000
timestame:1620902387.823000000,objid:7,type:0,xpos:0.000000,ypos:0.000000,xspeed:-8.410000,yspeed:-0.160000,angle:-18.000000,distense:22.400000,rcs:6.000000
