timestame:1620902369.705000000,objid:4,type:0,xpos:0.000000,ypos:0.000000,xspeed:-1.150000,yspeed:-0.190000,angle:15.400000,distense:27.600000,rcs:9.000000
timestame:1620902369.705000000,objid:6,type:0,xpos:0.000000,ypos:0.000000,xspeed:-1.370000,yspeed:-0.140000,angle:-18.000000,distense:45.400000,rcs:6.000000
timestame:1620902369.705000000,objid:7,type:0,xpos:0.000000,ypos:0.000000,xspeed:-7.310000,yspeed:-1.140000,angle:-4.020000,distense:124.200000,rcs:9.000000
