timestame:1620902370.013000000,objid:4,type:0,xpos:0.000000,ypos:0.000000,xspeed:-1.090000,yspeed:-0.110000,angle:15.690000,distense:27.400000,rcs:6.000000
timestame:1620902370.013000000,objid:5,type:0,xpos:0.000000,ypos:0.000000,xspeed:17.190000,yspeed:0.000000,angle:13.910000,distense:29.200000,rcs:9.000000
timestame:1620902370.013000000,objid:6,type:0,xpos:0.000000,ypos:0.000000,xspeed:-1.360000,yspeed:-0.200000,angle:-18.000000,distense:45.000000,rcs:6.000000
timestame:1620902370.013000000,objid:7,type:0,xpos:0.000000,ypos:0.000000,xspeed:-7.080000,yspeed:-1.020000,angle:-4.140000,distense:122.200000,rcs:15.000000
