timestame:1620902396.443000000,objid:2,type:0,xpos:0.000000,ypos:0.000000,xspeed:11.350000,yspeed:0.170000,angle:1.140000,distense:101.400000,rcs:12.000000
timestame:1620902396.443000000,objid:5,type:0,xpos:0.000000,ypos:0.000000,xspeed:8.880000,yspeed:-0.030000,angle:0.770000,distense:141.800000,rcs:13.000000
