timestame:1620902382.180000000,objid:4,type:0,xpos:0.000000,ypos:0.000000,xspeed:-4.830000,yspeed:2.260000,angle:-0.850000,distense:58.800000,rcs:13.000000
timestame:1620902382.180000000,objid:7,type:0,xpos:0.000000,ypos:0.000000,xspeed:-5.340000,yspeed:0.040000,angle:-6.510000,distense:68.000000,rcs:16.000000
