timestame:1620902367.417000000,objid:4,type:0,xpos:0.000000,ypos:0.000000,xspeed:-1.210000,yspeed:-0.490000,angle:14.720000,distense:30.200000,rcs:12.000000
timestame:1620902367.417000000,objid:5,type:0,xpos:0.000000,ypos:0.000000,xspeed:14.550000,yspeed:-0.140000,angle:-0.610000,distense:206.000000,rcs:9.000000
timestame:1620902367.417000000,objid:6,type:0,xpos:0.000000,ypos:0.000000,xspeed:-1.480000,yspeed:-0.570000,angle:-18.000000,distense:48.200000,rcs:6.000000
