timestame:1620902366.857000000,objid:4,type:0,xpos:0.000000,ypos:0.000000,xspeed:-1.120000,yspeed:-0.470000,angle:14.880000,distense:31.000000,rcs:15.000000
timestame:1620902366.857000000,objid:5,type:0,xpos:0.000000,ypos:0.000000,xspeed:14.520000,yspeed:-0.160000,angle:-0.630000,distense:197.200000,rcs:9.000000
timestame:1620902366.857000000,objid:6,type:0,xpos:0.000000,ypos:0.000000,xspeed:-1.330000,yspeed:-0.260000,angle:-18.000000,distense:49.000000,rcs:9.000000
