timestame:1620902363.602000000,objid:5,type:0,xpos:0.000000,ypos:0.000000,xspeed:13.490000,yspeed:-0.290000,angle:-0.650000,distense:149.200000,rcs:12.000000
timestame:1620902363.602000000,objid:6,type:0,xpos:0.000000,ypos:0.000000,xspeed:-1.620000,yspeed:-2.220000,angle:-18.000000,distense:53.000000,rcs:6.000000
