timestame:1620902372.559000000,objid:4,type:0,xpos:0.000000,ypos:0.000000,xspeed:-1.370000,yspeed:-0.420000,angle:13.880000,distense:23.400000,rcs:9.000000
timestame:1620902372.559000000,objid:6,type:0,xpos:0.000000,ypos:0.000000,xspeed:-1.250000,yspeed:0.200000,angle:-18.000000,distense:42.000000,rcs:6.000000
timestame:1620902372.559000000,objid:7,type:0,xpos:0.000000,ypos:0.000000,xspeed:-5.480000,yspeed:-0.190000,angle:-4.360000,distense:109.200000,rcs:12.000000
