timestame:1620902370.506000000,objid:4,type:0,xpos:0.000000,ypos:0.000000,xspeed:-1.080000,yspeed:-0.460000,angle:14.640000,distense:26.600000,rcs:13.000000
timestame:1620902370.506000000,objid:5,type:0,xpos:0.000000,ypos:0.000000,xspeed:17.190000,yspeed:0.000000,angle:10.860000,distense:37.200000,rcs:9.000000
timestame:1620902370.506000000,objid:6,type:0,xpos:0.000000,ypos:0.000000,xspeed:-1.340000,yspeed:-0.180000,angle:-18.000000,distense:44.400000,rcs:6.000000
timestame:1620902370.506000000,objid:7,type:0,xpos:0.000000,ypos:0.000000,xspeed:-6.790000,yspeed:-0.630000,angle:-4.080000,distense:119.400000,rcs:12.000000
