timestame:1620902393.025000000,objid:2,type:0,xpos:0.000000,ypos:0.000000,xspeed:9.610000,yspeed:-0.060000,angle:1.200000,distense:62.600000,rcs:13.000000
timestame:1620902393.025000000,objid:5,type:0,xpos:0.000000,ypos:0.000000,xspeed:10.110000,yspeed:0.050000,angle:1.100000,distense:111.200000,rcs:13.000000
