timestame:1620902390.107000000,objid:5,type:0,xpos:0.000000,ypos:0.000000,xspeed:9.080000,yspeed:0.100000,angle:1.570000,distense:80.600000,rcs:12.000000
timestame:1620902390.107000000,objid:6,type:0,xpos:0.000000,ypos:0.000000,xspeed:4.550000,yspeed:0.090000,angle:3.260000,distense:34.600000,rcs:19.000000
