timestame:1620902393.333000000,objid:2,type:0,xpos:0.000000,ypos:0.000000,xspeed:9.740000,yspeed:-0.020000,angle:1.180000,distense:65.800000,rcs:25.000000
timestame:1620902393.333000000,objid:5,type:0,xpos:0.000000,ypos:0.000000,xspeed:10.050000,yspeed:-0.050000,angle:0.970000,distense:114.000000,rcs:15.000000
