timestame:1620902373.364000000,objid:4,type:0,xpos:0.000000,ypos:0.000000,xspeed:-1.360000,yspeed:-0.320000,angle:14.090000,distense:22.200000,rcs:9.000000
timestame:1620902373.364000000,objid:6,type:0,xpos:0.000000,ypos:0.000000,xspeed:-1.240000,yspeed:0.330000,angle:-18.000000,distense:40.800000,rcs:6.000000
timestame:1620902373.364000000,objid:7,type:0,xpos:0.000000,ypos:0.000000,xspeed:-5.080000,yspeed:0.050000,angle:-4.190000,distense:105.400000,rcs:13.000000
