timestame:1620902396.689000000,objid:2,type:0,xpos:0.000000,ypos:0.000000,xspeed:11.440000,yspeed:0.070000,angle:1.000000,distense:104.800000,rcs:12.000000
timestame:1620902396.689000000,objid:5,type:0,xpos:0.000000,ypos:0.000000,xspeed:8.680000,yspeed:0.080000,angle:0.880000,distense:144.000000,rcs:9.000000
