timestame:1620902376.284000000,objid:4,type:0,xpos:0.000000,ypos:0.000000,xspeed:-1.270000,yspeed:-0.080000,angle:16.840000,distense:18.600000,rcs:12.000000
timestame:1620902376.284000000,objid:6,type:0,xpos:0.000000,ypos:0.000000,xspeed:-1.250000,yspeed:0.180000,angle:-18.000000,distense:37.400000,rcs:6.000000
timestame:1620902376.284000000,objid:7,type:0,xpos:0.000000,ypos:0.000000,xspeed:-4.020000,yspeed:-0.040000,angle:-5.020000,distense:94.600000,rcs:13.000000
