timestame:1620902368.289000000,objid:4,type:0,xpos:0.000000,ypos:0.000000,xspeed:-1.200000,yspeed:-0.360000,angle:14.930000,distense:29.200000,rcs:12.000000
timestame:1620902368.289000000,objid:5,type:0,xpos:0.000000,ypos:0.000000,xspeed:14.630000,yspeed:-0.080000,angle:-0.550000,distense:218.400000,rcs:6.000000
timestame:1620902368.289000000,objid:6,type:0,xpos:0.000000,ypos:0.000000,xspeed:-1.540000,yspeed:-0.470000,angle:-18.000000,distense:47.000000,rcs:6.000000
timestame:1620902368.289000000,objid:7,type:0,xpos:0.000000,ypos:0.000000,xspeed:-7.720000,yspeed:-3.360000,angle:-3.410000,distense:134.400000,rcs:15.000000
