timestame:1620902376.963000000,objid:4,type:0,xpos:0.000000,ypos:0.000000,xspeed:-1.310000,yspeed:-0.090000,angle:17.600000,distense:17.600000,rcs:6.000000
timestame:1620902376.963000000,objid:6,type:0,xpos:0.000000,ypos:0.000000,xspeed:-1.240000,yspeed:0.170000,angle:-18.000000,distense:36.600000,rcs:12.000000
timestame:1620902376.963000000,objid:7,type:0,xpos:0.000000,ypos:0.000000,xspeed:-3.950000,yspeed:0.010000,angle:-5.080000,distense:92.000000,rcs:6.000000
timestame:1620902376.963000000,objid:8,type:0,xpos:0.000000,ypos:0.000000,xspeed:-4.010000,yspeed:-0.610000,angle:9.390000,distense:55.600000,rcs:19.000000
