timestame:1620902392.033000000,objid:2,type:0,xpos:0.000000,ypos:0.000000,xspeed:9.590000,yspeed:-0.210000,angle:1.370000,distense:52.800000,rcs:16.000000
timestame:1620902392.033000000,objid:5,type:0,xpos:0.000000,ypos:0.000000,xspeed:9.880000,yspeed:-0.080000,angle:1.060000,distense:100.400000,rcs:21.000000
