timestame:1620902392.840000000,objid:2,type:0,xpos:0.000000,ypos:0.000000,xspeed:9.490000,yspeed:-0.180000,angle:1.110000,distense:60.200000,rcs:22.000000
timestame:1620902392.840000000,objid:5,type:0,xpos:0.000000,ypos:0.000000,xspeed:10.110000,yspeed:0.070000,angle:1.150000,distense:108.800000,rcs:24.000000
