timestame:1620902388.008000000,objid:5,type:0,xpos:0.000000,ypos:0.000000,xspeed:7.510000,yspeed:-0.080000,angle:1.730000,distense:60.000000,rcs:27.000000
timestame:1620902388.008000000,objid:6,type:0,xpos:0.000000,ypos:0.000000,xspeed:2.840000,yspeed:0.060000,angle:4.290000,distense:23.600000,rcs:31.000000
timestame:1620902388.008000000,objid:7,type:0,xpos:0.000000,ypos:0.000000,xspeed:-8.430000,yspeed:-0.160000,angle:-18.000000,distense:21.000000,rcs:9.000000
