timestame:1620902371.190000000,objid:4,type:0,xpos:0.000000,ypos:0.000000,xspeed:-1.250000,yspeed:-0.660000,angle:13.650000,distense:25.400000,rcs:13.000000
timestame:1620902371.190000000,objid:6,type:0,xpos:0.000000,ypos:0.000000,xspeed:-1.320000,yspeed:-0.070000,angle:-18.000000,distense:43.600000,rcs:12.000000
timestame:1620902371.190000000,objid:7,type:0,xpos:0.000000,ypos:0.000000,xspeed:-6.410000,yspeed:-0.510000,angle:-4.300000,distense:115.400000,rcs:12.000000
