timestame:1620902389.489000000,objid:5,type:0,xpos:0.000000,ypos:0.000000,xspeed:8.700000,yspeed:0.070000,angle:1.600000,distense:74.600000,rcs:22.000000
timestame:1620902389.489000000,objid:6,type:0,xpos:0.000000,ypos:0.000000,xspeed:4.020000,yspeed:0.050000,angle:3.340000,distense:31.000000,rcs:24.000000
