timestame:1620902378.210000000,objid:6,type:0,xpos:0.000000,ypos:0.000000,xspeed:-1.230000,yspeed:0.110000,angle:-18.000000,distense:35.200000,rcs:6.000000
timestame:1620902378.210000000,objid:7,type:0,xpos:0.000000,ypos:0.000000,xspeed:-3.790000,yspeed:0.010000,angle:-5.360000,distense:87.400000,rcs:16.000000
timestame:1620902378.210000000,objid:8,type:0,xpos:0.000000,ypos:0.000000,xspeed:2.850000,yspeed:-7.050000,angle:1.040000,distense:57.800000,rcs:12.000000
