timestame:1620902380.747000000,objid:2,type:0,xpos:0.000000,ypos:0.000000,xspeed:-1.870000,yspeed:-0.050000,angle:-4.050000,distense:69.000000,rcs:23.000000
timestame:1620902380.747000000,objid:4,type:0,xpos:0.000000,ypos:0.000000,xspeed:-4.960000,yspeed:0.000000,angle:-3.500000,distense:65.800000,rcs:20.000000
timestame:1620902380.747000000,objid:5,type:0,xpos:0.000000,ypos:0.000000,xspeed:-1.370000,yspeed:-6.390000,angle:-18.000000,distense:57.200000,rcs:12.000000
timestame:1620902380.747000000,objid:7,type:0,xpos:0.000000,ypos:0.000000,xspeed:-4.230000,yspeed:0.030000,angle:-5.790000,distense:77.000000,rcs:9.000000
