timestame:1620902375.911000000,objid:4,type:0,xpos:0.000000,ypos:0.000000,xspeed:-1.310000,yspeed:-0.060000,angle:16.620000,distense:19.000000,rcs:9.000000
timestame:1620902375.911000000,objid:6,type:0,xpos:0.000000,ypos:0.000000,xspeed:-1.230000,yspeed:0.210000,angle:-18.000000,distense:37.800000,rcs:6.000000
timestame:1620902375.911000000,objid:7,type:0,xpos:0.000000,ypos:0.000000,xspeed:-4.130000,yspeed:-0.050000,angle:-4.950000,distense:95.800000,rcs:19.000000
