timestame:1620902374.919000000,objid:4,type:0,xpos:0.000000,ypos:0.000000,xspeed:-1.430000,yspeed:-0.060000,angle:15.960000,distense:20.000000,rcs:15.000000
timestame:1620902374.919000000,objid:6,type:0,xpos:0.000000,ypos:0.000000,xspeed:-1.230000,yspeed:0.230000,angle:-18.000000,distense:39.000000,rcs:9.000000
timestame:1620902374.919000000,objid:7,type:0,xpos:0.000000,ypos:0.000000,xspeed:-4.390000,yspeed:-0.170000,angle:-4.870000,distense:99.400000,rcs:13.000000
