timestame:1620902393.087000000,objid:2,type:0,xpos:0.000000,ypos:0.000000,xspeed:9.620000,yspeed:-0.020000,angle:1.230000,distense:63.200000,rcs:19.000000
timestame:1620902393.087000000,objid:5,type:0,xpos:0.000000,ypos:0.000000,xspeed:10.090000,yspeed:0.040000,angle:1.090000,distense:111.800000,rcs:19.000000
