timestame:1620902369.951000000,objid:4,type:0,xpos:0.000000,ypos:0.000000,xspeed:-1.120000,yspeed:-0.140000,angle:15.610000,distense:27.400000,rcs:9.000000
timestame:1620902369.951000000,objid:6,type:0,xpos:0.000000,ypos:0.000000,xspeed:-1.360000,yspeed:-0.200000,angle:-18.000000,distense:45.200000,rcs:6.000000
timestame:1620902369.951000000,objid:7,type:0,xpos:0.000000,ypos:0.000000,xspeed:-7.180000,yspeed:-0.990000,angle:-4.080000,distense:122.600000,rcs:9.000000
