timestame:1620902393.586000000,objid:2,type:0,xpos:0.000000,ypos:0.000000,xspeed:9.880000,yspeed:0.000000,angle:1.160000,distense:68.400000,rcs:23.000000
timestame:1620902393.586000000,objid:5,type:0,xpos:0.000000,ypos:0.000000,xspeed:10.080000,yspeed:-0.100000,angle:0.880000,distense:116.600000,rcs:15.000000
