timestame:1620902391.417000000,objid:2,type:0,xpos:0.000000,ypos:0.000000,xspeed:9.580000,yspeed:0.780000,angle:2.090000,distense:47.200000,rcs:25.000000
timestame:1620902391.417000000,objid:5,type:0,xpos:0.000000,ypos:0.000000,xspeed:9.730000,yspeed:0.020000,angle:1.270000,distense:94.400000,rcs:19.000000
