timestame:1620902379.700000000,objid:2,type:0,xpos:0.000000,ypos:0.000000,xspeed:-1.150000,yspeed:-0.190000,angle:-4.000000,distense:72.200000,rcs:21.000000
timestame:1620902379.700000000,objid:4,type:0,xpos:0.000000,ypos:0.000000,xspeed:1.450000,yspeed:-4.180000,angle:-9.420000,distense:57.400000,rcs:23.000000
timestame:1620902379.700000000,objid:5,type:0,xpos:0.000000,ypos:0.000000,xspeed:-6.370000,yspeed:0.190000,angle:-12.700000,distense:54.400000,rcs:21.000000
timestame:1620902379.700000000,objid:7,type:0,xpos:0.000000,ypos:0.000000,xspeed:-3.800000,yspeed:0.150000,angle:-5.320000,distense:82.000000,rcs:16.000000
