timestame:1620902385.020000000,objid:3,type:0,xpos:0.000000,ypos:0.000000,xspeed:1.160000,yspeed:0.000000,angle:17.810000,distense:51.800000,rcs:16.000000
timestame:1620902385.020000000,objid:5,type:0,xpos:0.000000,ypos:0.000000,xspeed:5.170000,yspeed:-0.140000,angle:2.820000,distense:36.800000,rcs:26.000000
timestame:1620902385.020000000,objid:7,type:0,xpos:0.000000,ypos:0.000000,xspeed:-7.570000,yspeed:-0.270000,angle:-10.830000,distense:45.600000,rcs:21.000000
