timestame:1620902393.524000000,objid:2,type:0,xpos:0.000000,ypos:0.000000,xspeed:9.830000,yspeed:-0.010000,angle:1.170000,distense:67.800000,rcs:26.000000
timestame:1620902393.524000000,objid:5,type:0,xpos:0.000000,ypos:0.000000,xspeed:10.080000,yspeed:-0.100000,angle:0.890000,distense:116.000000,rcs:15.000000
