timestame:1620902395.515000000,objid:2,type:0,xpos:0.000000,ypos:0.000000,xspeed:10.910000,yspeed:0.190000,angle:1.220000,distense:90.400000,rcs:19.000000
timestame:1620902395.515000000,objid:5,type:0,xpos:0.000000,ypos:0.000000,xspeed:9.640000,yspeed:0.030000,angle:0.850000,distense:134.800000,rcs:6.000000
