timestame:1620902395.638000000,objid:2,type:0,xpos:0.000000,ypos:0.000000,xspeed:10.990000,yspeed:0.200000,angle:1.230000,distense:91.800000,rcs:20.000000
timestame:1620902395.638000000,objid:5,type:0,xpos:0.000000,ypos:0.000000,xspeed:9.550000,yspeed:0.050000,angle:0.870000,distense:135.800000,rcs:15.000000
