timestame:1620902384.712000000,objid:5,type:0,xpos:0.000000,ypos:0.000000,xspeed:4.780000,yspeed:-0.170000,angle:3.000000,distense:35.000000,rcs:26.000000
timestame:1620902384.712000000,objid:7,type:0,xpos:0.000000,ypos:0.000000,xspeed:-7.420000,yspeed:-0.270000,angle:-10.150000,distense:48.000000,rcs:13.000000
timestame:1620902384.712000000,objid:8,type:0,xpos:0.000000,ypos:0.000000,xspeed:-1.080000,yspeed:3.500000,angle:14.050000,distense:51.200000,rcs:27.000000
