timestame:1620902386.832000000,objid:5,type:0,xpos:0.000000,ypos:0.000000,xspeed:6.520000,yspeed:-0.010000,angle:2.260000,distense:49.800000,rcs:18.000000
timestame:1620902386.832000000,objid:6,type:0,xpos:0.000000,ypos:0.000000,xspeed:1.950000,yspeed:0.360000,angle:5.600000,distense:19.200000,rcs:24.000000
timestame:1620902386.832000000,objid:7,type:0,xpos:0.000000,ypos:0.000000,xspeed:-8.120000,yspeed:-0.080000,angle:-15.770000,distense:31.000000,rcs:20.000000
