timestame:1620902381.810000000,objid:4,type:0,xpos:0.000000,ypos:0.000000,xspeed:-4.720000,yspeed:1.920000,angle:-1.880000,distense:60.600000,rcs:13.000000
timestame:1620902381.810000000,objid:7,type:0,xpos:0.000000,ypos:0.000000,xspeed:-4.960000,yspeed:0.090000,angle:-6.200000,distense:70.600000,rcs:21.000000
