timestame:1620902394.955000000,objid:2,type:0,xpos:0.000000,ypos:0.000000,xspeed:10.640000,yspeed:0.080000,angle:1.120000,distense:84.000000,rcs:16.000000
timestame:1620902394.955000000,objid:5,type:0,xpos:0.000000,ypos:0.000000,xspeed:9.930000,yspeed:0.070000,angle:0.930000,distense:130.000000,rcs:9.000000
