timestame:1620902366.671000000,objid:4,type:0,xpos:0.000000,ypos:0.000000,xspeed:-1.130000,yspeed:-0.390000,angle:15.140000,distense:31.200000,rcs:6.000000
timestame:1620902366.671000000,objid:5,type:0,xpos:0.000000,ypos:0.000000,xspeed:14.460000,yspeed:-0.150000,angle:-0.620000,distense:194.400000,rcs:12.000000
timestame:1620902366.671000000,objid:6,type:0,xpos:0.000000,ypos:0.000000,xspeed:-1.290000,yspeed:-0.290000,angle:-18.000000,distense:49.400000,rcs:9.000000
