timestame:1620902394.647000000,objid:2,type:0,xpos:0.000000,ypos:0.000000,xspeed:10.510000,yspeed:0.100000,angle:1.170000,distense:80.600000,rcs:18.000000
timestame:1620902394.647000000,objid:5,type:0,xpos:0.000000,ypos:0.000000,xspeed:9.930000,yspeed:-0.030000,angle:0.840000,distense:127.000000,rcs:6.000000
