timestame:1620902378.087000000,objid:6,type:0,xpos:0.000000,ypos:0.000000,xspeed:-1.230000,yspeed:0.110000,angle:-18.000000,distense:35.400000,rcs:6.000000
timestame:1620902378.087000000,objid:7,type:0,xpos:0.000000,ypos:0.000000,xspeed:-3.780000,yspeed:-0.080000,angle:-5.450000,distense:88.000000,rcs:16.000000
timestame:1620902378.087000000,objid:8,type:0,xpos:0.000000,ypos:0.000000,xspeed:2.850000,yspeed:-7.050000,angle:1.890000,distense:57.400000,rcs:12.000000
