timestame:1620902381.872000000,objid:4,type:0,xpos:0.000000,ypos:0.000000,xspeed:-4.780000,yspeed:2.170000,angle:-1.550000,distense:60.200000,rcs:9.000000
timestame:1620902381.872000000,objid:7,type:0,xpos:0.000000,ypos:0.000000,xspeed:-5.030000,yspeed:0.060000,angle:-6.270000,distense:70.200000,rcs:12.000000
