timestame:1620902389.614000000,objid:5,type:0,xpos:0.000000,ypos:0.000000,xspeed:8.800000,yspeed:0.110000,angle:1.630000,distense:75.800000,rcs:20.000000
timestame:1620902389.614000000,objid:6,type:0,xpos:0.000000,ypos:0.000000,xspeed:4.130000,yspeed:0.030000,angle:3.250000,distense:31.800000,rcs:24.000000
