timestame:1620902376.096000000,objid:4,type:0,xpos:0.000000,ypos:0.000000,xspeed:-1.310000,yspeed:-0.090000,angle:16.690000,distense:18.800000,rcs:6.000000
timestame:1620902376.096000000,objid:6,type:0,xpos:0.000000,ypos:0.000000,xspeed:-1.220000,yspeed:0.220000,angle:-18.000000,distense:37.600000,rcs:9.000000
timestame:1620902376.096000000,objid:7,type:0,xpos:0.000000,ypos:0.000000,xspeed:-4.080000,yspeed:-0.080000,angle:-5.030000,distense:95.200000,rcs:16.000000
