timestame:1620902370.260000000,objid:5,type:0,xpos:0.000000,ypos:0.000000,xspeed:17.190000,yspeed:0.000000,angle:12.200000,distense:33.200000,rcs:9.000000
timestame:1620902370.260000000,objid:6,type:0,xpos:0.000000,ypos:0.000000,xspeed:-1.320000,yspeed:-0.080000,angle:-18.000000,distense:44.800000,rcs:6.000000
timestame:1620902370.260000000,objid:7,type:0,xpos:0.000000,ypos:0.000000,xspeed:-6.910000,yspeed:-0.800000,angle:-4.110000,distense:120.800000,rcs:15.000000
