timestame:1620902366.176000000,objid:4,type:0,xpos:0.000000,ypos:0.000000,xspeed:-1.040000,yspeed:-0.620000,angle:14.770000,distense:31.800000,rcs:15.000000
timestame:1620902366.176000000,objid:5,type:0,xpos:0.000000,ypos:0.000000,xspeed:14.460000,yspeed:-0.230000,angle:-0.680000,distense:187.600000,rcs:6.000000
