timestame:1620902392.779000000,objid:2,type:0,xpos:0.000000,ypos:0.000000,xspeed:9.470000,yspeed:-0.170000,angle:1.140000,distense:59.600000,rcs:22.000000
timestame:1620902392.779000000,objid:5,type:0,xpos:0.000000,ypos:0.000000,xspeed:10.080000,yspeed:0.070000,angle:1.150000,distense:108.000000,rcs:22.000000
