timestame:1620902370.321000000,objid:4,type:0,xpos:0.000000,ypos:0.000000,xspeed:-1.020000,yspeed:-0.410000,angle:14.820000,distense:27.000000,rcs:13.000000
timestame:1620902370.321000000,objid:5,type:0,xpos:0.000000,ypos:0.000000,xspeed:17.190000,yspeed:0.000000,angle:11.830000,distense:34.200000,rcs:9.000000
timestame:1620902370.321000000,objid:6,type:0,xpos:0.000000,ypos:0.000000,xspeed:-1.320000,yspeed:-0.080000,angle:-18.000000,distense:44.600000,rcs:6.000000
timestame:1620902370.321000000,objid:7,type:0,xpos:0.000000,ypos:0.000000,xspeed:-6.830000,yspeed:-0.660000,angle:-4.020000,distense:120.600000,rcs:9.000000
