timestame:1620902366.298000000,objid:4,type:0,xpos:0.000000,ypos:0.000000,xspeed:-1.020000,yspeed:-0.640000,angle:14.620000,distense:31.800000,rcs:15.000000
timestame:1620902366.298000000,objid:5,type:0,xpos:0.000000,ypos:0.000000,xspeed:14.460000,yspeed:-0.260000,angle:-0.710000,distense:189.200000,rcs:6.000000
