timestame:1620902391.848000000,objid:2,type:0,xpos:0.000000,ypos:0.000000,xspeed:9.900000,yspeed:0.020000,angle:1.620000,distense:51.400000,rcs:22.000000
timestame:1620902391.848000000,objid:5,type:0,xpos:0.000000,ypos:0.000000,xspeed:9.830000,yspeed:-0.070000,angle:1.100000,distense:98.600000,rcs:16.000000
