timestame:1620902372.744000000,objid:4,type:0,xpos:0.000000,ypos:0.000000,xspeed:-1.360000,yspeed:-0.430000,angle:13.810000,distense:23.000000,rcs:15.000000
timestame:1620902372.744000000,objid:6,type:0,xpos:0.000000,ypos:0.000000,xspeed:-1.260000,yspeed:0.190000,angle:-18.000000,distense:41.600000,rcs:6.000000
timestame:1620902372.744000000,objid:7,type:0,xpos:0.000000,ypos:0.000000,xspeed:-5.370000,yspeed:-0.140000,angle:-4.350000,distense:108.000000,rcs:15.000000
