timestame:1620902376.223000000,objid:4,type:0,xpos:0.000000,ypos:0.000000,xspeed:-1.300000,yspeed:-0.110000,angle:16.700000,distense:18.600000,rcs:6.000000
timestame:1620902376.223000000,objid:6,type:0,xpos:0.000000,ypos:0.000000,xspeed:-1.210000,yspeed:0.210000,angle:-18.000000,distense:37.600000,rcs:12.000000
timestame:1620902376.223000000,objid:7,type:0,xpos:0.000000,ypos:0.000000,xspeed:-4.050000,yspeed:-0.080000,angle:-5.050000,distense:94.800000,rcs:18.000000
