timestame:1620902362.040000000,objid:2,type:0,xpos:0.000000,ypos:0.000000,xspeed:-1.120000,yspeed:0.050000,angle:-3.670000,distense:73.400000,rcs:12.000000
timestame:1620902362.040000000,objid:5,type:0,xpos:0.000000,ypos:0.000000,xspeed:11.960000,yspeed:-0.180000,angle:-0.480000,distense:126.200000,rcs:6.000000
