timestame:1620902385.824000000,objid:3,type:0,xpos:0.000000,ypos:0.000000,xspeed:-1.070000,yspeed:5.510000,angle:22.890000,distense:52.200000,rcs:6.000000
timestame:1620902385.824000000,objid:5,type:0,xpos:0.000000,ypos:0.000000,xspeed:5.990000,yspeed:-0.060000,angle:2.490000,distense:42.800000,rcs:21.000000
timestame:1620902385.824000000,objid:7,type:0,xpos:0.000000,ypos:0.000000,xspeed:-7.780000,yspeed:-0.160000,angle:-12.580000,distense:39.000000,rcs:22.000000
