timestame:1620902391.294000000,objid:2,type:0,xpos:0.000000,ypos:0.000000,xspeed:9.930000,yspeed:0.840000,angle:2.040000,distense:46.200000,rcs:30.000000
timestame:1620902391.294000000,objid:5,type:0,xpos:0.000000,ypos:0.000000,xspeed:9.670000,yspeed:0.030000,angle:1.300000,distense:93.000000,rcs:23.000000
timestame:1620902391.294000000,objid:6,type:0,xpos:0.000000,ypos:0.000000,xspeed:5.190000,yspeed:-0.040000,angle:2.420000,distense:41.800000,rcs:24.000000
