timestame:1620902372.806000000,objid:4,type:0,xpos:0.000000,ypos:0.000000,xspeed:-1.350000,yspeed:-0.410000,angle:13.850000,distense:23.000000,rcs:12.000000
timestame:1620902372.806000000,objid:6,type:0,xpos:0.000000,ypos:0.000000,xspeed:-1.260000,yspeed:0.190000,angle:-18.000000,distense:41.600000,rcs:6.000000
timestame:1620902372.806000000,objid:7,type:0,xpos:0.000000,ypos:0.000000,xspeed:-5.320000,yspeed:-0.110000,angle:-4.330000,distense:107.800000,rcs:18.000000
