timestame:1620902389.550000000,objid:5,type:0,xpos:0.000000,ypos:0.000000,xspeed:8.740000,yspeed:0.080000,angle:1.600000,distense:75.200000,rcs:24.000000
timestame:1620902389.550000000,objid:6,type:0,xpos:0.000000,ypos:0.000000,xspeed:4.080000,yspeed:0.020000,angle:3.250000,distense:31.400000,rcs:26.000000
