timestame:1620902396.073000000,objid:2,type:0,xpos:0.000000,ypos:0.000000,xspeed:11.200000,yspeed:0.100000,angle:1.070000,distense:97.000000,rcs:20.000000
timestame:1620902396.073000000,objid:5,type:0,xpos:0.000000,ypos:0.000000,xspeed:9.190000,yspeed:0.070000,angle:0.890000,distense:139.000000,rcs:13.000000
