timestame:1620902386.395000000,objid:3,type:0,xpos:0.000000,ypos:0.000000,xspeed:-1.070000,yspeed:5.510000,angle:-14.870000,distense:53.000000,rcs:6.000000
timestame:1620902386.395000000,objid:5,type:0,xpos:0.000000,ypos:0.000000,xspeed:6.200000,yspeed:0.010000,angle:2.420000,distense:46.400000,rcs:28.000000
timestame:1620902386.395000000,objid:6,type:0,xpos:0.000000,ypos:0.000000,xspeed:1.470000,yspeed:0.300000,angle:5.410000,distense:18.000000,rcs:9.000000
timestame:1620902386.395000000,objid:7,type:0,xpos:0.000000,ypos:0.000000,xspeed:-7.890000,yspeed:-0.080000,angle:-14.060000,distense:34.600000,rcs:27.000000
