timestame:1620902396.012000000,objid:2,type:0,xpos:0.000000,ypos:0.000000,xspeed:11.160000,yspeed:0.090000,angle:1.070000,distense:96.200000,rcs:20.000000
timestame:1620902396.012000000,objid:5,type:0,xpos:0.000000,ypos:0.000000,xspeed:9.270000,yspeed:0.070000,angle:0.880000,distense:138.600000,rcs:9.000000
