timestame:1620902390.858000000,objid:5,type:0,xpos:0.000000,ypos:0.000000,xspeed:9.460000,yspeed:0.080000,angle:1.430000,distense:88.000000,rcs:22.000000
timestame:1620902390.858000000,objid:6,type:0,xpos:0.000000,ypos:0.000000,xspeed:5.190000,yspeed:-0.040000,angle:2.600000,distense:39.400000,rcs:24.000000
