timestame:1620902369.582000000,objid:4,type:0,xpos:0.000000,ypos:0.000000,xspeed:-1.130000,yspeed:-0.180000,angle:15.400000,distense:27.800000,rcs:12.000000
timestame:1620902369.582000000,objid:6,type:0,xpos:0.000000,ypos:0.000000,xspeed:-1.390000,yspeed:-0.120000,angle:-18.000000,distense:45.400000,rcs:9.000000
timestame:1620902369.582000000,objid:7,type:0,xpos:0.000000,ypos:0.000000,xspeed:-7.390000,yspeed:-0.950000,angle:-3.810000,distense:124.800000,rcs:9.000000
