timestame:1620902382.118000000,objid:4,type:0,xpos:0.000000,ypos:0.000000,xspeed:-4.730000,yspeed:2.160000,angle:-1.090000,distense:59.200000,rcs:15.000000
timestame:1620902382.118000000,objid:7,type:0,xpos:0.000000,ypos:0.000000,xspeed:-5.280000,yspeed:0.000000,angle:-6.530000,distense:68.400000,rcs:15.000000
