timestame:1620902380.500000000,objid:2,type:0,xpos:0.000000,ypos:0.000000,xspeed:-1.870000,yspeed:-0.050000,angle:-4.020000,distense:69.600000,rcs:23.000000
timestame:1620902380.500000000,objid:5,type:0,xpos:0.000000,ypos:0.000000,xspeed:-1.440000,yspeed:-6.200000,angle:-18.000000,distense:57.000000,rcs:9.000000
timestame:1620902380.500000000,objid:7,type:0,xpos:0.000000,ypos:0.000000,xspeed:-4.120000,yspeed:0.060000,angle:-5.660000,distense:78.200000,rcs:19.000000
