timestame:1620902388.380000000,objid:5,type:0,xpos:0.000000,ypos:0.000000,xspeed:7.820000,yspeed:-0.060000,angle:1.660000,distense:63.400000,rcs:29.000000
timestame:1620902388.380000000,objid:6,type:0,xpos:0.000000,ypos:0.000000,xspeed:3.150000,yspeed:0.090000,angle:4.180000,distense:25.200000,rcs:28.000000
timestame:1620902388.380000000,objid:7,type:0,xpos:0.000000,ypos:0.000000,xspeed:-8.430000,yspeed:-0.160000,angle:-18.000000,distense:18.400000,rcs:9.000000
