timestame:1620902385.516000000,objid:3,type:0,xpos:0.000000,ypos:0.000000,xspeed:-1.020000,yspeed:4.380000,angle:20.220000,distense:51.800000,rcs:9.000000
timestame:1620902385.516000000,objid:5,type:0,xpos:0.000000,ypos:0.000000,xspeed:5.640000,yspeed:-0.010000,angle:2.740000,distense:40.200000,rcs:31.000000
timestame:1620902385.516000000,objid:7,type:0,xpos:0.000000,ypos:0.000000,xspeed:-7.660000,yspeed:-0.110000,angle:-11.520000,distense:41.800000,rcs:26.000000
