timestame:1620902392.284000000,objid:2,type:0,xpos:0.000000,ypos:0.000000,xspeed:9.470000,yspeed:-0.040000,angle:1.440000,distense:55.000000,rcs:20.000000
timestame:1620902392.284000000,objid:5,type:0,xpos:0.000000,ypos:0.000000,xspeed:9.960000,yspeed:-0.050000,angle:1.060000,distense:103.000000,rcs:12.000000
