timestame:1620902383.604000000,objid:2,type:0,xpos:0.000000,ypos:0.000000,xspeed:-6.360000,yspeed:0.630000,angle:4.140000,distense:53.200000,rcs:13.000000
timestame:1620902383.604000000,objid:3,type:0,xpos:0.000000,ypos:0.000000,xspeed:1.480000,yspeed:0.080000,angle:4.230000,distense:27.200000,rcs:29.000000
timestame:1620902383.604000000,objid:4,type:0,xpos:0.000000,ypos:0.000000,xspeed:-5.100000,yspeed:3.840000,angle:6.360000,distense:51.400000,rcs:12.000000
timestame:1620902383.604000000,objid:7,type:0,xpos:0.000000,ypos:0.000000,xspeed:-6.660000,yspeed:-0.090000,angle:-8.070000,distense:57.000000,rcs:16.000000
