timestame:1620902369.520000000,objid:4,type:0,xpos:0.000000,ypos:0.000000,xspeed:-1.150000,yspeed:-0.170000,angle:15.440000,distense:27.800000,rcs:13.000000
timestame:1620902369.520000000,objid:6,type:0,xpos:0.000000,ypos:0.000000,xspeed:-1.410000,yspeed:-0.110000,angle:-18.000000,distense:45.400000,rcs:9.000000
timestame:1620902369.520000000,objid:7,type:0,xpos:0.000000,ypos:0.000000,xspeed:-7.390000,yspeed:-0.950000,angle:-3.770000,distense:125.200000,rcs:9.000000
