timestame:1620902391.170000000,objid:2,type:0,xpos:0.000000,ypos:0.000000,xspeed:10.220000,yspeed:0.710000,angle:1.930000,distense:45.000000,rcs:22.000000
timestame:1620902391.170000000,objid:5,type:0,xpos:0.000000,ypos:0.000000,xspeed:9.620000,yspeed:0.040000,angle:1.340000,distense:91.800000,rcs:23.000000
timestame:1620902391.170000000,objid:6,type:0,xpos:0.000000,ypos:0.000000,xspeed:5.190000,yspeed:-0.040000,angle:2.460000,distense:41.200000,rcs:24.000000
