timestame:1620902389.676000000,objid:5,type:0,xpos:0.000000,ypos:0.000000,xspeed:8.830000,yspeed:0.110000,angle:1.620000,distense:76.400000,rcs:18.000000
timestame:1620902389.676000000,objid:6,type:0,xpos:0.000000,ypos:0.000000,xspeed:4.190000,yspeed:0.200000,angle:3.660000,distense:32.000000,rcs:18.000000
