timestame:1620902372.308000000,objid:4,type:0,xpos:0.000000,ypos:0.000000,xspeed:-1.420000,yspeed:-0.500000,angle:13.750000,distense:23.600000,rcs:6.000000
timestame:1620902372.308000000,objid:6,type:0,xpos:0.000000,ypos:0.000000,xspeed:-1.180000,yspeed:0.260000,angle:-18.000000,distense:42.400000,rcs:6.000000
timestame:1620902372.308000000,objid:7,type:0,xpos:0.000000,ypos:0.000000,xspeed:-5.700000,yspeed:-0.170000,angle:-4.280000,distense:110.000000,rcs:9.000000
