timestame:1620902389.427000000,objid:5,type:0,xpos:0.000000,ypos:0.000000,xspeed:8.670000,yspeed:0.060000,angle:1.590000,distense:74.000000,rcs:29.000000
timestame:1620902389.427000000,objid:6,type:0,xpos:0.000000,ypos:0.000000,xspeed:3.990000,yspeed:0.050000,angle:3.370000,distense:30.800000,rcs:16.000000
