timestame:1620902395.207000000,objid:2,type:0,xpos:0.000000,ypos:0.000000,xspeed:10.810000,yspeed:0.040000,angle:1.040000,distense:87.000000,rcs:22.000000
timestame:1620902395.207000000,objid:5,type:0,xpos:0.000000,ypos:0.000000,xspeed:9.830000,yspeed:0.000000,angle:0.840000,distense:132.200000,rcs:13.000000
