timestame:1620902371.937000000,objid:4,type:0,xpos:0.000000,ypos:0.000000,xspeed:-1.380000,yspeed:-0.500000,angle:13.840000,distense:24.200000,rcs:13.000000
timestame:1620902371.937000000,objid:6,type:0,xpos:0.000000,ypos:0.000000,xspeed:-1.220000,yspeed:0.170000,angle:-18.000000,distense:42.800000,rcs:6.000000
timestame:1620902371.937000000,objid:7,type:0,xpos:0.000000,ypos:0.000000,xspeed:-6.000000,yspeed:-0.380000,angle:-4.430000,distense:111.600000,rcs:9.000000
