timestame:1620902381.497000000,objid:4,type:0,xpos:0.000000,ypos:0.000000,xspeed:-4.760000,yspeed:1.630000,angle:-2.610000,distense:62.400000,rcs:15.000000
timestame:1620902381.497000000,objid:7,type:0,xpos:0.000000,ypos:0.000000,xspeed:-4.700000,yspeed:0.080000,angle:-6.030000,distense:72.800000,rcs:15.000000
