timestame:1620902395.330000000,objid:2,type:0,xpos:0.000000,ypos:0.000000,xspeed:10.850000,yspeed:0.100000,angle:1.110000,distense:88.400000,rcs:13.000000
timestame:1620902395.330000000,objid:5,type:0,xpos:0.000000,ypos:0.000000,xspeed:9.800000,yspeed:-0.070000,angle:0.770000,distense:133.400000,rcs:6.000000
