timestame:1620902363.166000000,objid:5,type:0,xpos:0.000000,ypos:0.000000,xspeed:13.120000,yspeed:-0.320000,angle:-0.660000,distense:142.800000,rcs:12.000000
timestame:1620902363.166000000,objid:6,type:0,xpos:0.000000,ypos:0.000000,xspeed:-1.920000,yspeed:-2.470000,angle:-18.000000,distense:53.200000,rcs:6.000000
