timestame:1620902395.950000000,objid:2,type:0,xpos:0.000000,ypos:0.000000,xspeed:11.130000,yspeed:0.100000,angle:1.080000,distense:95.400000,rcs:18.000000
timestame:1620902395.950000000,objid:5,type:0,xpos:0.000000,ypos:0.000000,xspeed:9.330000,yspeed:0.050000,angle:0.870000,distense:138.200000,rcs:15.000000
