timestame:1620902373.985000000,objid:4,type:0,xpos:0.000000,ypos:0.000000,xspeed:-1.360000,yspeed:-0.260000,angle:14.520000,distense:21.400000,rcs:16.000000
timestame:1620902373.985000000,objid:6,type:0,xpos:0.000000,ypos:0.000000,xspeed:-1.230000,yspeed:0.300000,angle:-18.000000,distense:40.200000,rcs:9.000000
timestame:1620902373.985000000,objid:7,type:0,xpos:0.000000,ypos:0.000000,xspeed:-4.870000,yspeed:-0.190000,angle:-4.620000,distense:103.000000,rcs:6.000000
