timestame:1620902394.894000000,objid:2,type:0,xpos:0.000000,ypos:0.000000,xspeed:10.590000,yspeed:0.090000,angle:1.150000,distense:83.400000,rcs:19.000000
timestame:1620902394.894000000,objid:5,type:0,xpos:0.000000,ypos:0.000000,xspeed:9.930000,yspeed:0.070000,angle:0.930000,distense:129.400000,rcs:9.000000
