timestame:1620902381.435000000,objid:4,type:0,xpos:0.000000,ypos:0.000000,xspeed:-4.580000,yspeed:1.420000,angle:-2.790000,distense:62.800000,rcs:12.000000
timestame:1620902381.435000000,objid:7,type:0,xpos:0.000000,ypos:0.000000,xspeed:-4.640000,yspeed:0.090000,angle:-6.000000,distense:73.200000,rcs:12.000000
