timestame:1620902379.454000000,objid:4,type:0,xpos:0.000000,ypos:0.000000,xspeed:1.450000,yspeed:-4.180000,angle:-8.480000,distense:56.800000,rcs:23.000000
timestame:1620902379.454000000,objid:5,type:0,xpos:0.000000,ypos:0.000000,xspeed:-6.310000,yspeed:8.360000,angle:-11.770000,distense:56.000000,rcs:28.000000
timestame:1620902379.454000000,objid:7,type:0,xpos:0.000000,ypos:0.000000,xspeed:-3.720000,yspeed:0.190000,angle:-5.230000,distense:83.000000,rcs:15.000000
