timestame:1620902391.540000000,objid:2,type:0,xpos:0.000000,ypos:0.000000,xspeed:9.820000,yspeed:0.100000,angle:1.760000,distense:48.400000,rcs:16.000000
timestame:1620902391.540000000,objid:5,type:0,xpos:0.000000,ypos:0.000000,xspeed:9.770000,yspeed:-0.060000,angle:1.150000,distense:95.600000,rcs:13.000000
