timestame:1620902375.234000000,objid:4,type:0,xpos:0.000000,ypos:0.000000,xspeed:-1.330000,yspeed:-0.080000,angle:16.030000,distense:19.800000,rcs:9.000000
timestame:1620902375.234000000,objid:6,type:0,xpos:0.000000,ypos:0.000000,xspeed:-1.290000,yspeed:0.170000,angle:-18.000000,distense:38.600000,rcs:6.000000
timestame:1620902375.234000000,objid:7,type:0,xpos:0.000000,ypos:0.000000,xspeed:-4.300000,yspeed:-0.110000,angle:-4.870000,distense:98.400000,rcs:12.000000
