timestame:1620902365.668000000,objid:4,type:0,xpos:0.000000,ypos:0.000000,xspeed:-1.010000,yspeed:-0.660000,angle:14.950000,distense:32.400000,rcs:16.000000
timestame:1620902365.668000000,objid:5,type:0,xpos:0.000000,ypos:0.000000,xspeed:14.440000,yspeed:-0.300000,angle:-0.730000,distense:180.600000,rcs:6.000000
