timestame:1620902381.118000000,objid:4,type:0,xpos:0.000000,ypos:0.000000,xspeed:-3.060000,yspeed:1.250000,angle:-3.110000,distense:64.800000,rcs:18.000000
timestame:1620902381.118000000,objid:5,type:0,xpos:0.000000,ypos:0.000000,xspeed:-1.050000,yspeed:-6.810000,angle:-18.000000,distense:58.400000,rcs:6.000000
timestame:1620902381.118000000,objid:7,type:0,xpos:0.000000,ypos:0.000000,xspeed:-4.490000,yspeed:0.000000,angle:-6.010000,distense:74.800000,rcs:12.000000
