timestame:1620902396.813000000,objid:2,type:0,xpos:0.000000,ypos:0.000000,xspeed:11.450000,yspeed:0.010000,angle:0.920000,distense:106.200000,rcs:18.000000
timestame:1620902396.813000000,objid:5,type:0,xpos:0.000000,ypos:0.000000,xspeed:8.680000,yspeed:0.080000,angle:0.870000,distense:145.000000,rcs:9.000000
