timestame:1620902377.774000000,objid:4,type:0,xpos:0.000000,ypos:0.000000,xspeed:-1.330000,yspeed:0.040000,angle:19.270000,distense:16.800000,rcs:6.000000
timestame:1620902377.774000000,objid:6,type:0,xpos:0.000000,ypos:0.000000,xspeed:-1.230000,yspeed:0.140000,angle:-18.000000,distense:35.600000,rcs:6.000000
timestame:1620902377.774000000,objid:7,type:0,xpos:0.000000,ypos:0.000000,xspeed:-3.810000,yspeed:0.010000,angle:-5.250000,distense:89.200000,rcs:20.000000
timestame:1620902377.774000000,objid:8,type:0,xpos:0.000000,ypos:0.000000,xspeed:1.110000,yspeed:-7.700000,angle:4.350000,distense:55.800000,rcs:19.000000
