timestame:1620902376.655000000,objid:4,type:0,xpos:0.000000,ypos:0.000000,xspeed:-1.290000,yspeed:-0.050000,angle:17.430000,distense:18.200000,rcs:6.000000
timestame:1620902376.655000000,objid:6,type:0,xpos:0.000000,ypos:0.000000,xspeed:-1.240000,yspeed:0.170000,angle:-18.000000,distense:37.000000,rcs:12.000000
timestame:1620902376.655000000,objid:7,type:0,xpos:0.000000,ypos:0.000000,xspeed:-3.950000,yspeed:0.090000,angle:-4.920000,distense:93.000000,rcs:12.000000
