timestame:1620902390.667000000,objid:5,type:0,xpos:0.000000,ypos:0.000000,xspeed:9.360000,yspeed:0.010000,angle:1.350000,distense:86.200000,rcs:21.000000
timestame:1620902390.667000000,objid:6,type:0,xpos:0.000000,ypos:0.000000,xspeed:5.120000,yspeed:-0.030000,angle:2.720000,distense:38.400000,rcs:26.000000
