timestame:1620902366.734000000,objid:4,type:0,xpos:0.000000,ypos:0.000000,xspeed:-1.120000,yspeed:-0.440000,angle:14.980000,distense:31.200000,rcs:9.000000
timestame:1620902366.734000000,objid:5,type:0,xpos:0.000000,ypos:0.000000,xspeed:14.470000,yspeed:-0.160000,angle:-0.630000,distense:195.400000,rcs:15.000000
timestame:1620902366.734000000,objid:6,type:0,xpos:0.000000,ypos:0.000000,xspeed:-1.290000,yspeed:-0.290000,angle:-18.000000,distense:49.200000,rcs:9.000000
