timestame:1620902390.544000000,objid:5,type:0,xpos:0.000000,ypos:0.000000,xspeed:9.310000,yspeed:0.010000,angle:1.370000,distense:85.000000,rcs:25.000000
timestame:1620902390.544000000,objid:6,type:0,xpos:0.000000,ypos:0.000000,xspeed:5.040000,yspeed:-0.020000,angle:2.800000,distense:37.600000,rcs:22.000000
