timestame:1620902393.210000000,objid:2,type:0,xpos:0.000000,ypos:0.000000,xspeed:9.640000,yspeed:0.020000,angle:1.260000,distense:64.400000,rcs:12.000000
timestame:1620902393.210000000,objid:5,type:0,xpos:0.000000,ypos:0.000000,xspeed:10.050000,yspeed:-0.020000,angle:1.010000,distense:112.800000,rcs:15.000000
