timestame:1620902380.808000000,objid:2,type:0,xpos:0.000000,ypos:0.000000,xspeed:-1.870000,yspeed:-0.050000,angle:-4.060000,distense:69.000000,rcs:23.000000
timestame:1620902380.808000000,objid:4,type:0,xpos:0.000000,ypos:0.000000,xspeed:-2.860000,yspeed:4.240000,angle:-3.160000,distense:65.800000,rcs:13.000000
timestame:1620902380.808000000,objid:5,type:0,xpos:0.000000,ypos:0.000000,xspeed:-1.370000,yspeed:-6.390000,angle:-18.000000,distense:57.400000,rcs:12.000000
timestame:1620902380.808000000,objid:7,type:0,xpos:0.000000,ypos:0.000000,xspeed:-4.240000,yspeed:-0.010000,angle:-5.880000,distense:76.600000,rcs:18.000000
