timestame:1620902370.075000000,objid:4,type:0,xpos:0.000000,ypos:0.000000,xspeed:-1.090000,yspeed:-0.110000,angle:15.710000,distense:27.200000,rcs:6.000000
timestame:1620902370.075000000,objid:5,type:0,xpos:0.000000,ypos:0.000000,xspeed:17.190000,yspeed:0.000000,angle:13.440000,distense:30.200000,rcs:9.000000
timestame:1620902370.075000000,objid:6,type:0,xpos:0.000000,ypos:0.000000,xspeed:-1.360000,yspeed:-0.200000,angle:-18.000000,distense:45.000000,rcs:6.000000
timestame:1620902370.075000000,objid:7,type:0,xpos:0.000000,ypos:0.000000,xspeed:-7.040000,yspeed:-0.960000,angle:-4.140000,distense:121.800000,rcs:16.000000
