timestame:1620902367.855000000,objid:4,type:0,xpos:0.000000,ypos:0.000000,xspeed:-1.210000,yspeed:-0.390000,angle:14.870000,distense:29.600000,rcs:9.000000
timestame:1620902367.855000000,objid:5,type:0,xpos:0.000000,ypos:0.000000,xspeed:14.570000,yspeed:-0.120000,angle:-0.590000,distense:212.000000,rcs:6.000000
timestame:1620902367.855000000,objid:6,type:0,xpos:0.000000,ypos:0.000000,xspeed:-1.530000,yspeed:-0.590000,angle:-18.000000,distense:47.600000,rcs:9.000000
timestame:1620902367.855000000,objid:7,type:0,xpos:0.000000,ypos:0.000000,xspeed:-8.160000,yspeed:0.000000,angle:-2.670000,distense:137.600000,rcs:18.000000
