timestame:1620902392.655000000,objid:2,type:0,xpos:0.000000,ypos:0.000000,xspeed:9.450000,yspeed:-0.200000,angle:1.150000,distense:58.400000,rcs:22.000000
timestame:1620902392.655000000,objid:5,type:0,xpos:0.000000,ypos:0.000000,xspeed:10.070000,yspeed:0.070000,angle:1.160000,distense:106.800000,rcs:12.000000
