timestame:1620902393.959000000,objid:2,type:0,xpos:0.000000,ypos:0.000000,xspeed:10.090000,yspeed:0.050000,angle:1.180000,distense:72.400000,rcs:21.000000
timestame:1620902393.959000000,objid:5,type:0,xpos:0.000000,ypos:0.000000,xspeed:10.060000,yspeed:-0.070000,angle:0.870000,distense:120.200000,rcs:13.000000
