timestame:1620902368.843000000,objid:4,type:0,xpos:0.000000,ypos:0.000000,xspeed:-1.220000,yspeed:-0.390000,angle:14.740000,distense:28.400000,rcs:13.000000
timestame:1620902368.843000000,objid:5,type:0,xpos:0.000000,ypos:0.000000,xspeed:14.630000,yspeed:-0.070000,angle:-0.540000,distense:227.200000,rcs:9.000000
timestame:1620902368.843000000,objid:6,type:0,xpos:0.000000,ypos:0.000000,xspeed:-1.480000,yspeed:-0.330000,angle:-18.000000,distense:46.400000,rcs:6.000000
timestame:1620902368.843000000,objid:7,type:0,xpos:0.000000,ypos:0.000000,xspeed:-7.510000,yspeed:-1.910000,angle:-3.760000,distense:130.000000,rcs:12.000000
