timestame:1620902370.136000000,objid:4,type:0,xpos:0.000000,ypos:0.000000,xspeed:-1.070000,yspeed:-0.030000,angle:15.970000,distense:27.200000,rcs:6.000000
timestame:1620902370.136000000,objid:5,type:0,xpos:0.000000,ypos:0.000000,xspeed:17.190000,yspeed:0.000000,angle:13.000000,distense:31.200000,rcs:9.000000
timestame:1620902370.136000000,objid:6,type:0,xpos:0.000000,ypos:0.000000,xspeed:-1.360000,yspeed:-0.180000,angle:-18.000000,distense:44.800000,rcs:6.000000
timestame:1620902370.136000000,objid:7,type:0,xpos:0.000000,ypos:0.000000,xspeed:-6.960000,yspeed:-0.900000,angle:-4.120000,distense:121.600000,rcs:16.000000
