timestame:1620902387.633000000,objid:5,type:0,xpos:0.000000,ypos:0.000000,xspeed:7.200000,yspeed:-0.020000,angle:1.960000,distense:56.800000,rcs:19.000000
timestame:1620902387.633000000,objid:6,type:0,xpos:0.000000,ypos:0.000000,xspeed:2.590000,yspeed:0.110000,angle:4.640000,distense:22.200000,rcs:20.000000
timestame:1620902387.633000000,objid:7,type:0,xpos:0.000000,ypos:0.000000,xspeed:-8.390000,yspeed:-0.130000,angle:-18.000000,distense:23.800000,rcs:9.000000
