timestame:1620902368.658000000,objid:4,type:0,xpos:0.000000,ypos:0.000000,xspeed:-1.150000,yspeed:-0.410000,angle:14.690000,distense:28.800000,rcs:16.000000
timestame:1620902368.658000000,objid:5,type:0,xpos:0.000000,ypos:0.000000,xspeed:14.630000,yspeed:-0.070000,angle:-0.540000,distense:223.600000,rcs:9.000000
timestame:1620902368.658000000,objid:6,type:0,xpos:0.000000,ypos:0.000000,xspeed:-1.520000,yspeed:-0.370000,angle:-18.000000,distense:46.600000,rcs:12.000000
timestame:1620902368.658000000,objid:7,type:0,xpos:0.000000,ypos:0.000000,xspeed:-7.530000,yspeed:-2.270000,angle:-3.630000,distense:131.800000,rcs:12.000000
