timestame:1620902380.377000000,objid:2,type:0,xpos:0.000000,ypos:0.000000,xspeed:-1.790000,yspeed:-0.060000,angle:-4.010000,distense:69.800000,rcs:27.000000
timestame:1620902380.377000000,objid:5,type:0,xpos:0.000000,ypos:0.000000,xspeed:-1.740000,yspeed:-5.760000,angle:-18.000000,distense:56.400000,rcs:18.000000
timestame:1620902380.377000000,objid:7,type:0,xpos:0.000000,ypos:0.000000,xspeed:-4.050000,yspeed:0.070000,angle:-5.610000,distense:78.800000,rcs:12.000000
