timestame:1620902390.795000000,objid:5,type:0,xpos:0.000000,ypos:0.000000,xspeed:9.420000,yspeed:0.090000,angle:1.440000,distense:87.400000,rcs:15.000000
timestame:1620902390.795000000,objid:6,type:0,xpos:0.000000,ypos:0.000000,xspeed:5.190000,yspeed:-0.040000,angle:2.630000,distense:39.000000,rcs:24.000000
