timestame:1620902372.990000000,objid:4,type:0,xpos:0.000000,ypos:0.000000,xspeed:-1.290000,yspeed:-0.420000,angle:13.730000,distense:22.800000,rcs:12.000000
timestame:1620902372.990000000,objid:6,type:0,xpos:0.000000,ypos:0.000000,xspeed:-1.220000,yspeed:0.230000,angle:-18.000000,distense:41.400000,rcs:6.000000
timestame:1620902372.990000000,objid:7,type:0,xpos:0.000000,ypos:0.000000,xspeed:-5.190000,yspeed:0.080000,angle:-4.110000,distense:107.200000,rcs:9.000000
