timestame:1620902389.860000000,objid:5,type:0,xpos:0.000000,ypos:0.000000,xspeed:8.930000,yspeed:0.130000,angle:1.620000,distense:78.200000,rcs:18.000000
timestame:1620902389.860000000,objid:6,type:0,xpos:0.000000,ypos:0.000000,xspeed:4.350000,yspeed:0.180000,angle:3.570000,distense:33.200000,rcs:27.000000
