timestame:1620902368.412000000,objid:4,type:0,xpos:0.000000,ypos:0.000000,xspeed:-1.180000,yspeed:-0.410000,angle:14.750000,distense:29.000000,rcs:13.000000
timestame:1620902368.412000000,objid:5,type:0,xpos:0.000000,ypos:0.000000,xspeed:14.630000,yspeed:-0.070000,angle:-0.550000,distense:220.000000,rcs:9.000000
timestame:1620902368.412000000,objid:6,type:0,xpos:0.000000,ypos:0.000000,xspeed:-1.540000,yspeed:-0.470000,angle:-18.000000,distense:47.000000,rcs:6.000000
timestame:1620902368.412000000,objid:7,type:0,xpos:0.000000,ypos:0.000000,xspeed:-7.460000,yspeed:-2.860000,angle:-3.480000,distense:133.600000,rcs:16.000000
