timestame:1620902370.635000000,objid:4,type:0,xpos:0.000000,ypos:0.000000,xspeed:-1.100000,yspeed:-0.530000,angle:14.410000,distense:26.400000,rcs:19.000000
timestame:1620902370.635000000,objid:6,type:0,xpos:0.000000,ypos:0.000000,xspeed:-1.340000,yspeed:-0.180000,angle:-18.000000,distense:44.400000,rcs:6.000000
timestame:1620902370.635000000,objid:7,type:0,xpos:0.000000,ypos:0.000000,xspeed:-6.710000,yspeed:-0.580000,angle:-4.090000,distense:118.600000,rcs:13.000000
