timestame:1620902379.330000000,objid:4,type:0,xpos:0.000000,ypos:0.000000,xspeed:1.990000,yspeed:-3.370000,angle:-7.490000,distense:57.000000,rcs:9.000000
timestame:1620902379.330000000,objid:5,type:0,xpos:0.000000,ypos:0.000000,xspeed:1.160000,yspeed:0.000000,angle:-12.260000,distense:57.400000,rcs:16.000000
timestame:1620902379.330000000,objid:7,type:0,xpos:0.000000,ypos:0.000000,xspeed:-3.760000,yspeed:0.210000,angle:-5.190000,distense:83.400000,rcs:19.000000
