timestame:1620902372.124000000,objid:4,type:0,xpos:0.000000,ypos:0.000000,xspeed:-1.370000,yspeed:-0.490000,angle:13.800000,distense:24.000000,rcs:6.000000
timestame:1620902372.124000000,objid:6,type:0,xpos:0.000000,ypos:0.000000,xspeed:-1.200000,yspeed:0.160000,angle:-18.000000,distense:42.600000,rcs:6.000000
timestame:1620902372.124000000,objid:7,type:0,xpos:0.000000,ypos:0.000000,xspeed:-5.810000,yspeed:-0.300000,angle:-4.390000,distense:111.000000,rcs:16.000000
