timestame:1620902385.639000000,objid:5,type:0,xpos:0.000000,ypos:0.000000,xspeed:5.740000,yspeed:0.070000,angle:2.840000,distense:41.000000,rcs:25.000000
timestame:1620902385.639000000,objid:7,type:0,xpos:0.000000,ypos:0.000000,xspeed:-7.670000,yspeed:-0.130000,angle:-11.830000,distense:41.000000,rcs:15.000000
