timestame:1620902381.374000000,objid:4,type:0,xpos:0.000000,ypos:0.000000,xspeed:-4.680000,yspeed:1.060000,angle:-3.040000,distense:63.000000,rcs:20.000000
timestame:1620902381.374000000,objid:7,type:0,xpos:0.000000,ypos:0.000000,xspeed:-4.610000,yspeed:0.070000,angle:-5.990000,distense:73.600000,rcs:12.000000
