timestame:1620902397.244000000,objid:2,type:0,xpos:0.000000,ypos:0.000000,xspeed:11.510000,yspeed:-0.010000,angle:0.850000,distense:111.200000,rcs:20.000000
timestame:1620902397.244000000,objid:5,type:0,xpos:0.000000,ypos:0.000000,xspeed:8.680000,yspeed:0.080000,angle:0.870000,distense:148.600000,rcs:9.000000
