timestame:1620902394.268000000,objid:2,type:0,xpos:0.000000,ypos:0.000000,xspeed:10.270000,yspeed:0.130000,angle:1.250000,distense:75.800000,rcs:15.000000
timestame:1620902394.268000000,objid:5,type:0,xpos:0.000000,ypos:0.000000,xspeed:10.000000,yspeed:-0.070000,angle:0.840000,distense:123.000000,rcs:22.000000
