timestame:1620902375.042000000,objid:4,type:0,xpos:0.000000,ypos:0.000000,xspeed:-1.390000,yspeed:-0.090000,angle:15.890000,distense:20.000000,rcs:9.000000
timestame:1620902375.042000000,objid:6,type:0,xpos:0.000000,ypos:0.000000,xspeed:-1.230000,yspeed:0.230000,angle:-18.000000,distense:38.800000,rcs:6.000000
timestame:1620902375.042000000,objid:7,type:0,xpos:0.000000,ypos:0.000000,xspeed:-4.390000,yspeed:-0.130000,angle:-4.850000,distense:99.000000,rcs:9.000000
