timestame:1620902372.867000000,objid:4,type:0,xpos:0.000000,ypos:0.000000,xspeed:-1.330000,yspeed:-0.420000,angle:13.790000,distense:23.000000,rcs:13.000000
timestame:1620902372.867000000,objid:6,type:0,xpos:0.000000,ypos:0.000000,xspeed:-1.260000,yspeed:0.190000,angle:-18.000000,distense:41.600000,rcs:6.000000
timestame:1620902372.867000000,objid:7,type:0,xpos:0.000000,ypos:0.000000,xspeed:-5.260000,yspeed:-0.090000,angle:-4.310000,distense:107.600000,rcs:16.000000
