timestame:1620902375.295000000,objid:4,type:0,xpos:0.000000,ypos:0.000000,xspeed:-1.300000,yspeed:-0.090000,angle:15.980000,distense:19.800000,rcs:13.000000
timestame:1620902375.295000000,objid:6,type:0,xpos:0.000000,ypos:0.000000,xspeed:-1.290000,yspeed:0.170000,angle:-18.000000,distense:38.600000,rcs:6.000000
timestame:1620902375.295000000,objid:7,type:0,xpos:0.000000,ypos:0.000000,xspeed:-4.250000,yspeed:-0.100000,angle:-4.860000,distense:98.200000,rcs:15.000000
