timestame:1620902387.448000000,objid:5,type:0,xpos:0.000000,ypos:0.000000,xspeed:7.060000,yspeed:0.000000,angle:2.050000,distense:55.400000,rcs:20.000000
timestame:1620902387.448000000,objid:6,type:0,xpos:0.000000,ypos:0.000000,xspeed:2.440000,yspeed:0.040000,angle:4.510000,distense:21.400000,rcs:23.000000
timestame:1620902387.448000000,objid:7,type:0,xpos:0.000000,ypos:0.000000,xspeed:-8.350000,yspeed:-0.100000,angle:-18.000000,distense:25.400000,rcs:6.000000
