timestame:1620902366.038000000,objid:4,type:0,xpos:0.000000,ypos:0.000000,xspeed:-1.050000,yspeed:-0.650000,angle:14.770000,distense:32.000000,rcs:18.000000
timestame:1620902366.038000000,objid:5,type:0,xpos:0.000000,ypos:0.000000,xspeed:14.450000,yspeed:-0.250000,angle:-0.690000,distense:185.800000,rcs:9.000000
