timestame:1620902392.218000000,objid:2,type:0,xpos:0.000000,ypos:0.000000,xspeed:9.540000,yspeed:-0.090000,angle:1.410000,distense:54.600000,rcs:18.000000
timestame:1620902392.218000000,objid:5,type:0,xpos:0.000000,ypos:0.000000,xspeed:9.940000,yspeed:-0.040000,angle:1.080000,distense:102.400000,rcs:16.000000
