timestame:1620902390.297000000,objid:5,type:0,xpos:0.000000,ypos:0.000000,xspeed:9.190000,yspeed:0.040000,angle:1.450000,distense:82.400000,rcs:12.000000
timestame:1620902390.297000000,objid:6,type:0,xpos:0.000000,ypos:0.000000,xspeed:4.770000,yspeed:0.050000,angle:3.090000,distense:35.800000,rcs:27.000000
