timestame:1620902394.082000000,objid:2,type:0,xpos:0.000000,ypos:0.000000,xspeed:10.170000,yspeed:0.060000,angle:1.180000,distense:73.800000,rcs:28.000000
timestame:1620902394.082000000,objid:5,type:0,xpos:0.000000,ypos:0.000000,xspeed:10.010000,yspeed:-0.040000,angle:0.890000,distense:121.200000,rcs:6.000000
