timestame:1620902373.487000000,objid:4,type:0,xpos:0.000000,ypos:0.000000,xspeed:-1.430000,yspeed:-0.230000,angle:14.530000,distense:22.000000,rcs:6.000000
timestame:1620902373.487000000,objid:6,type:0,xpos:0.000000,ypos:0.000000,xspeed:-1.230000,yspeed:0.350000,angle:-18.000000,distense:40.600000,rcs:6.000000
timestame:1620902373.487000000,objid:7,type:0,xpos:0.000000,ypos:0.000000,xspeed:-5.050000,yspeed:0.020000,angle:-4.260000,distense:105.000000,rcs:9.000000
