timestame:1620902361.608000000,objid:2,type:0,xpos:0.000000,ypos:0.000000,xspeed:-1.270000,yspeed:-0.070000,angle:-3.850000,distense:73.600000,rcs:9.000000
timestame:1620902361.608000000,objid:5,type:0,xpos:0.000000,ypos:0.000000,xspeed:11.690000,yspeed:-0.160000,angle:-0.440000,distense:120.800000,rcs:20.000000
