timestame:1620902396.505000000,objid:2,type:0,xpos:0.000000,ypos:0.000000,xspeed:11.370000,yspeed:0.140000,angle:1.090000,distense:102.800000,rcs:18.000000
timestame:1620902396.505000000,objid:5,type:0,xpos:0.000000,ypos:0.000000,xspeed:8.860000,yspeed:0.010000,angle:0.820000,distense:142.800000,rcs:6.000000
