timestame:1620902392.530000000,objid:2,type:0,xpos:0.000000,ypos:0.000000,xspeed:9.490000,yspeed:-0.150000,angle:1.250000,distense:57.400000,rcs:22.000000
timestame:1620902392.530000000,objid:5,type:0,xpos:0.000000,ypos:0.000000,xspeed:10.030000,yspeed:-0.010000,angle:1.070000,distense:105.600000,rcs:19.000000
