timestame:1620902372.370000000,objid:4,type:0,xpos:0.000000,ypos:0.000000,xspeed:-1.390000,yspeed:-0.480000,angle:13.740000,distense:23.600000,rcs:15.000000
timestame:1620902372.370000000,objid:6,type:0,xpos:0.000000,ypos:0.000000,xspeed:-1.190000,yspeed:0.180000,angle:-18.000000,distense:42.200000,rcs:6.000000
timestame:1620902372.370000000,objid:7,type:0,xpos:0.000000,ypos:0.000000,xspeed:-5.700000,yspeed:-0.170000,angle:-4.300000,distense:109.800000,rcs:9.000000
