timestame:1620902375.166000000,objid:4,type:0,xpos:0.000000,ypos:0.000000,xspeed:-1.350000,yspeed:-0.080000,angle:15.970000,distense:19.800000,rcs:9.000000
timestame:1620902375.166000000,objid:6,type:0,xpos:0.000000,ypos:0.000000,xspeed:-1.290000,yspeed:0.200000,angle:-18.000000,distense:38.600000,rcs:6.000000
timestame:1620902375.166000000,objid:7,type:0,xpos:0.000000,ypos:0.000000,xspeed:-4.340000,yspeed:-0.130000,angle:-4.890000,distense:98.600000,rcs:9.000000
