timestame:1620902396.258000000,objid:2,type:0,xpos:0.000000,ypos:0.000000,xspeed:11.290000,yspeed:0.120000,angle:1.080000,distense:99.200000,rcs:18.000000
timestame:1620902396.258000000,objid:5,type:0,xpos:0.000000,ypos:0.000000,xspeed:9.060000,yspeed:0.040000,angle:0.860000,distense:140.400000,rcs:16.000000
