timestame:1620902391.663000000,objid:2,type:0,xpos:0.000000,ypos:0.000000,xspeed:10.120000,yspeed:-0.210000,angle:1.530000,distense:49.800000,rcs:13.000000
timestame:1620902391.663000000,objid:5,type:0,xpos:0.000000,ypos:0.000000,xspeed:9.830000,yspeed:-0.080000,angle:1.110000,distense:96.800000,rcs:15.000000
