timestame:1620902366.237000000,objid:4,type:0,xpos:0.000000,ypos:0.000000,xspeed:-1.020000,yspeed:-0.640000,angle:14.650000,distense:31.800000,rcs:15.000000
timestame:1620902366.237000000,objid:5,type:0,xpos:0.000000,ypos:0.000000,xspeed:14.480000,yspeed:-0.210000,angle:-0.670000,distense:188.400000,rcs:9.000000
