timestame:1620902381.055000000,objid:2,type:0,xpos:0.000000,ypos:0.000000,xspeed:-1.870000,yspeed:-0.050000,angle:-4.100000,distense:68.600000,rcs:23.000000
timestame:1620902381.055000000,objid:4,type:0,xpos:0.000000,ypos:0.000000,xspeed:-3.340000,yspeed:1.720000,angle:-3.050000,distense:65.000000,rcs:6.000000
timestame:1620902381.055000000,objid:5,type:0,xpos:0.000000,ypos:0.000000,xspeed:-1.190000,yspeed:-6.800000,angle:-18.000000,distense:58.000000,rcs:15.000000
timestame:1620902381.055000000,objid:7,type:0,xpos:0.000000,ypos:0.000000,xspeed:-4.430000,yspeed:-0.050000,angle:-6.050000,distense:75.200000,rcs:18.000000
