timestame:1620902388.996000000,objid:5,type:0,xpos:0.000000,ypos:0.000000,xspeed:8.310000,yspeed:0.000000,angle:1.590000,distense:69.200000,rcs:26.000000
timestame:1620902388.996000000,objid:6,type:0,xpos:0.000000,ypos:0.000000,xspeed:3.650000,yspeed:-0.100000,angle:3.190000,distense:28.200000,rcs:22.000000
