timestame:1620902376.594000000,objid:4,type:0,xpos:0.000000,ypos:0.000000,xspeed:-1.290000,yspeed:-0.050000,angle:17.360000,distense:18.200000,rcs:6.000000
timestame:1620902376.594000000,objid:6,type:0,xpos:0.000000,ypos:0.000000,xspeed:-1.250000,yspeed:0.140000,angle:-18.000000,distense:37.000000,rcs:6.000000
timestame:1620902376.594000000,objid:7,type:0,xpos:0.000000,ypos:0.000000,xspeed:-3.960000,yspeed:0.020000,angle:-5.000000,distense:93.400000,rcs:9.000000
