timestame:1620902362.727000000,objid:5,type:0,xpos:0.000000,ypos:0.000000,xspeed:12.740000,yspeed:-0.210000,angle:-0.530000,distense:136.600000,rcs:13.000000
timestame:1620902362.727000000,objid:6,type:0,xpos:0.000000,ypos:0.000000,xspeed:-1.590000,yspeed:-4.670000,angle:-18.000000,distense:54.000000,rcs:6.000000
