timestame:1620902379.823000000,objid:2,type:0,xpos:0.000000,ypos:0.000000,xspeed:-1.320000,yspeed:-0.150000,angle:-3.990000,distense:71.600000,rcs:16.000000
timestame:1620902379.823000000,objid:4,type:0,xpos:0.000000,ypos:0.000000,xspeed:1.450000,yspeed:-4.180000,angle:-10.110000,distense:57.800000,rcs:23.000000
timestame:1620902379.823000000,objid:5,type:0,xpos:0.000000,ypos:0.000000,xspeed:-3.440000,yspeed:-3.830000,angle:-14.380000,distense:55.400000,rcs:21.000000
timestame:1620902379.823000000,objid:7,type:0,xpos:0.000000,ypos:0.000000,xspeed:-3.800000,yspeed:0.120000,angle:-5.410000,distense:81.400000,rcs:9.000000
