timestame:1620902389.304000000,objid:5,type:0,xpos:0.000000,ypos:0.000000,xspeed:8.590000,yspeed:0.070000,angle:1.620000,distense:72.800000,rcs:13.000000
timestame:1620902389.304000000,objid:6,type:0,xpos:0.000000,ypos:0.000000,xspeed:3.890000,yspeed:0.020000,angle:3.370000,distense:30.000000,rcs:24.000000
