timestame:1620902376.346000000,objid:4,type:0,xpos:0.000000,ypos:0.000000,xspeed:-1.300000,yspeed:-0.050000,angle:17.130000,distense:18.400000,rcs:6.000000
timestame:1620902376.346000000,objid:6,type:0,xpos:0.000000,ypos:0.000000,xspeed:-1.190000,yspeed:0.190000,angle:-18.000000,distense:37.400000,rcs:9.000000
timestame:1620902376.346000000,objid:7,type:0,xpos:0.000000,ypos:0.000000,xspeed:-3.980000,yspeed:-0.050000,angle:-5.050000,distense:94.200000,rcs:13.000000
