timestame:1620902376.158000000,objid:4,type:0,xpos:0.000000,ypos:0.000000,xspeed:-1.290000,yspeed:-0.060000,angle:16.820000,distense:18.800000,rcs:9.000000
timestame:1620902376.158000000,objid:6,type:0,xpos:0.000000,ypos:0.000000,xspeed:-1.210000,yspeed:0.210000,angle:-18.000000,distense:37.600000,rcs:12.000000
timestame:1620902376.158000000,objid:7,type:0,xpos:0.000000,ypos:0.000000,xspeed:-4.070000,yspeed:-0.090000,angle:-5.050000,distense:95.000000,rcs:16.000000
