timestame:1620902384.897000000,objid:5,type:0,xpos:0.000000,ypos:0.000000,xspeed:5.050000,yspeed:-0.100000,angle:2.970000,distense:36.200000,rcs:28.000000
timestame:1620902384.897000000,objid:7,type:0,xpos:0.000000,ypos:0.000000,xspeed:-7.550000,yspeed:-0.310000,angle:-10.640000,distense:46.600000,rcs:20.000000
