timestame:1620902380.254000000,objid:2,type:0,xpos:0.000000,ypos:0.000000,xspeed:-1.650000,yspeed:-0.110000,angle:-4.050000,distense:70.400000,rcs:19.000000
timestame:1620902380.254000000,objid:5,type:0,xpos:0.000000,ypos:0.000000,xspeed:-2.050000,yspeed:-5.010000,angle:-16.890000,distense:56.000000,rcs:19.000000
timestame:1620902380.254000000,objid:7,type:0,xpos:0.000000,ypos:0.000000,xspeed:-3.960000,yspeed:0.110000,angle:-5.510000,distense:79.400000,rcs:16.000000
