timestame:1620902367.727000000,objid:4,type:0,xpos:0.000000,ypos:0.000000,xspeed:-1.190000,yspeed:-0.430000,angle:14.780000,distense:29.800000,rcs:9.000000
timestame:1620902367.727000000,objid:5,type:0,xpos:0.000000,ypos:0.000000,xspeed:14.570000,yspeed:-0.120000,angle:-0.590000,distense:210.400000,rcs:6.000000
timestame:1620902367.727000000,objid:6,type:0,xpos:0.000000,ypos:0.000000,xspeed:-1.530000,yspeed:-0.610000,angle:-18.000000,distense:47.800000,rcs:6.000000
