timestame:1620902375.603000000,objid:4,type:0,xpos:0.000000,ypos:0.000000,xspeed:-1.270000,yspeed:-0.080000,angle:16.260000,distense:19.600000,rcs:9.000000
timestame:1620902375.603000000,objid:5,type:0,xpos:0.000000,ypos:0.000000,xspeed:-2.340000,yspeed:0.000000,angle:18.490000,distense:57.200000,rcs:13.000000
timestame:1620902375.603000000,objid:6,type:0,xpos:0.000000,ypos:0.000000,xspeed:-1.240000,yspeed:0.150000,angle:-18.000000,distense:38.200000,rcs:9.000000
timestame:1620902375.603000000,objid:7,type:0,xpos:0.000000,ypos:0.000000,xspeed:-4.160000,yspeed:-0.210000,angle:-5.090000,distense:97.200000,rcs:6.000000
