timestame:1620902386.524000000,objid:5,type:0,xpos:0.000000,ypos:0.000000,xspeed:6.320000,yspeed:0.070000,angle:2.490000,distense:47.400000,rcs:22.000000
timestame:1620902386.524000000,objid:6,type:0,xpos:0.000000,ypos:0.000000,xspeed:1.650000,yspeed:0.140000,angle:5.090000,distense:18.400000,rcs:20.000000
timestame:1620902386.524000000,objid:7,type:0,xpos:0.000000,ypos:0.000000,xspeed:-7.980000,yspeed:-0.020000,angle:-14.400000,distense:33.400000,rcs:23.000000
