timestame:1620902387.885000000,objid:5,type:0,xpos:0.000000,ypos:0.000000,xspeed:7.420000,yspeed:-0.070000,angle:1.780000,distense:59.000000,rcs:33.000000
timestame:1620902387.885000000,objid:6,type:0,xpos:0.000000,ypos:0.000000,xspeed:2.750000,yspeed:0.090000,angle:4.440000,distense:23.000000,rcs:27.000000
timestame:1620902387.885000000,objid:7,type:0,xpos:0.000000,ypos:0.000000,xspeed:-8.430000,yspeed:-0.160000,angle:-18.000000,distense:22.000000,rcs:9.000000
