timestame:1620902384.096000000,objid:2,type:0,xpos:0.000000,ypos:0.000000,xspeed:-5.270000,yspeed:7.300000,angle:7.570000,distense:51.000000,rcs:6.000000
timestame:1620902384.096000000,objid:4,type:0,xpos:0.000000,ypos:0.000000,xspeed:-4.900000,yspeed:4.050000,angle:9.230000,distense:49.600000,rcs:9.000000
timestame:1620902384.096000000,objid:5,type:0,xpos:0.000000,ypos:0.000000,xspeed:3.440000,yspeed:-0.840000,angle:3.160000,distense:31.400000,rcs:33.000000
timestame:1620902384.096000000,objid:7,type:0,xpos:0.000000,ypos:0.000000,xspeed:-7.080000,yspeed:-0.150000,angle:-8.880000,distense:53.000000,rcs:19.000000
