timestame:1620902391.047000000,objid:2,type:0,xpos:0.000000,ypos:0.000000,xspeed:8.900000,yspeed:-7.080000,angle:1.050000,distense:43.600000,rcs:15.000000
timestame:1620902391.047000000,objid:5,type:0,xpos:0.000000,ypos:0.000000,xspeed:9.550000,yspeed:0.050000,angle:1.360000,distense:90.400000,rcs:24.000000
timestame:1620902391.047000000,objid:6,type:0,xpos:0.000000,ypos:0.000000,xspeed:5.190000,yspeed:-0.040000,angle:2.510000,distense:40.600000,rcs:24.000000
