timestame:1620902391.232000000,objid:2,type:0,xpos:0.000000,ypos:0.000000,xspeed:10.570000,yspeed:0.820000,angle:1.990000,distense:45.800000,rcs:28.000000
timestame:1620902391.232000000,objid:5,type:0,xpos:0.000000,ypos:0.000000,xspeed:9.640000,yspeed:0.050000,angle:1.330000,distense:92.400000,rcs:22.000000
timestame:1620902391.232000000,objid:6,type:0,xpos:0.000000,ypos:0.000000,xspeed:5.190000,yspeed:-0.040000,angle:2.440000,distense:41.600000,rcs:24.000000
