timestame:1620902390.605000000,objid:5,type:0,xpos:0.000000,ypos:0.000000,xspeed:9.320000,yspeed:0.010000,angle:1.370000,distense:85.600000,rcs:25.000000
timestame:1620902390.605000000,objid:6,type:0,xpos:0.000000,ypos:0.000000,xspeed:5.120000,yspeed:-0.030000,angle:2.740000,distense:38.000000,rcs:26.000000
