timestame:1620902390.174000000,objid:5,type:0,xpos:0.000000,ypos:0.000000,xspeed:9.120000,yspeed:0.080000,angle:1.530000,distense:81.200000,rcs:16.000000
timestame:1620902390.174000000,objid:6,type:0,xpos:0.000000,ypos:0.000000,xspeed:4.630000,yspeed:0.100000,angle:3.260000,distense:35.000000,rcs:26.000000
