timestame:1620902385.270000000,objid:5,type:0,xpos:0.000000,ypos:0.000000,xspeed:5.460000,yspeed:-0.060000,angle:2.770000,distense:38.600000,rcs:24.000000
timestame:1620902385.270000000,objid:7,type:0,xpos:0.000000,ypos:0.000000,xspeed:-7.620000,yspeed:-0.120000,angle:-10.990000,distense:43.600000,rcs:18.000000
