timestame:1620902387.263000000,objid:5,type:0,xpos:0.000000,ypos:0.000000,xspeed:6.880000,yspeed:-0.030000,angle:2.050000,distense:53.600000,rcs:23.000000
timestame:1620902387.263000000,objid:6,type:0,xpos:0.000000,ypos:0.000000,xspeed:2.260000,yspeed:0.120000,angle:4.850000,distense:20.800000,rcs:18.000000
timestame:1620902387.263000000,objid:7,type:0,xpos:0.000000,ypos:0.000000,xspeed:-8.350000,yspeed:-0.100000,angle:-18.000000,distense:26.800000,rcs:6.000000
