timestame:1620902380.993000000,objid:2,type:0,xpos:0.000000,ypos:0.000000,xspeed:-1.870000,yspeed:-0.050000,angle:-4.090000,distense:68.600000,rcs:23.000000
timestame:1620902380.993000000,objid:4,type:0,xpos:0.000000,ypos:0.000000,xspeed:-3.580000,yspeed:0.740000,angle:-3.350000,distense:65.000000,rcs:15.000000
timestame:1620902380.993000000,objid:5,type:0,xpos:0.000000,ypos:0.000000,xspeed:-1.190000,yspeed:-6.800000,angle:-18.000000,distense:58.000000,rcs:15.000000
timestame:1620902380.993000000,objid:7,type:0,xpos:0.000000,ypos:0.000000,xspeed:-4.390000,yspeed:-0.020000,angle:-5.980000,distense:75.600000,rcs:15.000000
