timestame:1620902370.820000000,objid:4,type:0,xpos:0.000000,ypos:0.000000,xspeed:-1.100000,yspeed:-0.650000,angle:13.930000,distense:26.200000,rcs:16.000000
timestame:1620902370.820000000,objid:6,type:0,xpos:0.000000,ypos:0.000000,xspeed:-1.340000,yspeed:-0.180000,angle:-18.000000,distense:44.200000,rcs:6.000000
timestame:1620902370.820000000,objid:7,type:0,xpos:0.000000,ypos:0.000000,xspeed:-6.570000,yspeed:-0.570000,angle:-4.170000,distense:117.800000,rcs:12.000000
