timestame:1620902378.580000000,objid:4,type:0,xpos:0.000000,ypos:0.000000,xspeed:-1.170000,yspeed:2.190000,angle:-4.620000,distense:54.400000,rcs:23.000000
timestame:1620902378.580000000,objid:7,type:0,xpos:0.000000,ypos:0.000000,xspeed:-3.690000,yspeed:0.200000,angle:-5.130000,distense:86.200000,rcs:6.000000
