timestame:1620902386.014000000,objid:3,type:0,xpos:0.000000,ypos:0.000000,xspeed:-1.070000,yspeed:5.510000,angle:-16.990000,distense:52.600000,rcs:6.000000
timestame:1620902386.014000000,objid:5,type:0,xpos:0.000000,ypos:0.000000,xspeed:6.070000,yspeed:0.040000,angle:2.600000,distense:44.000000,rcs:28.000000
timestame:1620902386.014000000,objid:6,type:0,xpos:0.000000,ypos:0.000000,xspeed:1.380000,yspeed:-0.550000,angle:4.440000,distense:17.400000,rcs:12.000000
timestame:1620902386.014000000,objid:7,type:0,xpos:0.000000,ypos:0.000000,xspeed:-7.890000,yspeed:-0.150000,angle:-13.150000,distense:37.400000,rcs:12.000000
