timestame:1620902379.638000000,objid:2,type:0,xpos:0.000000,ypos:0.000000,xspeed:-1.100000,yspeed:-0.210000,angle:-4.020000,distense:72.400000,rcs:16.000000
timestame:1620902379.638000000,objid:4,type:0,xpos:0.000000,ypos:0.000000,xspeed:1.450000,yspeed:-4.180000,angle:-9.190000,distense:57.200000,rcs:23.000000
timestame:1620902379.638000000,objid:5,type:0,xpos:0.000000,ypos:0.000000,xspeed:-7.160000,yspeed:1.610000,angle:-12.340000,distense:54.600000,rcs:24.000000
timestame:1620902379.638000000,objid:7,type:0,xpos:0.000000,ypos:0.000000,xspeed:-3.770000,yspeed:0.190000,angle:-5.260000,distense:82.200000,rcs:13.000000
