timestame:1620902384.774000000,objid:5,type:0,xpos:0.000000,ypos:0.000000,xspeed:4.830000,yspeed:-0.190000,angle:2.940000,distense:35.200000,rcs:29.000000
timestame:1620902384.774000000,objid:7,type:0,xpos:0.000000,ypos:0.000000,xspeed:-7.460000,yspeed:-0.280000,angle:-10.310000,distense:47.600000,rcs:19.000000
