timestame:1620902374.796000000,objid:4,type:0,xpos:0.000000,ypos:0.000000,xspeed:-1.430000,yspeed:-0.110000,angle:15.650000,distense:20.200000,rcs:9.000000
timestame:1620902374.796000000,objid:6,type:0,xpos:0.000000,ypos:0.000000,xspeed:-1.190000,yspeed:0.260000,angle:-18.000000,distense:39.200000,rcs:9.000000
timestame:1620902374.796000000,objid:7,type:0,xpos:0.000000,ypos:0.000000,xspeed:-4.450000,yspeed:-0.190000,angle:-4.870000,distense:99.800000,rcs:13.000000
