timestame:1620902385.578000000,objid:3,type:0,xpos:0.000000,ypos:0.000000,xspeed:-1.200000,yspeed:4.460000,angle:20.600000,distense:51.800000,rcs:19.000000
timestame:1620902385.578000000,objid:5,type:0,xpos:0.000000,ypos:0.000000,xspeed:5.710000,yspeed:0.040000,angle:2.800000,distense:40.600000,rcs:24.000000
timestame:1620902385.578000000,objid:6,type:0,xpos:0.000000,ypos:0.000000,xspeed:1.160000,yspeed:0.000000,angle:6.010000,distense:16.800000,rcs:13.000000
timestame:1620902385.578000000,objid:7,type:0,xpos:0.000000,ypos:0.000000,xspeed:-7.670000,yspeed:-0.090000,angle:-11.610000,distense:41.400000,rcs:22.000000
