timestame:1620902368.720000000,objid:4,type:0,xpos:0.000000,ypos:0.000000,xspeed:-1.170000,yspeed:-0.440000,angle:14.610000,distense:28.600000,rcs:9.000000
timestame:1620902368.720000000,objid:5,type:0,xpos:0.000000,ypos:0.000000,xspeed:14.630000,yspeed:-0.070000,angle:-0.540000,distense:224.400000,rcs:9.000000
timestame:1620902368.720000000,objid:6,type:0,xpos:0.000000,ypos:0.000000,xspeed:-1.520000,yspeed:-0.370000,angle:-18.000000,distense:46.600000,rcs:12.000000
timestame:1620902368.720000000,objid:7,type:0,xpos:0.000000,ypos:0.000000,xspeed:-7.320000,yspeed:-2.110000,angle:-3.640000,distense:131.600000,rcs:13.000000
