timestame:1620902367.294000000,objid:4,type:0,xpos:0.000000,ypos:0.000000,xspeed:-1.200000,yspeed:-0.480000,angle:14.770000,distense:30.200000,rcs:13.000000
timestame:1620902367.294000000,objid:5,type:0,xpos:0.000000,ypos:0.000000,xspeed:14.530000,yspeed:-0.160000,angle:-0.620000,distense:204.200000,rcs:6.000000
timestame:1620902367.294000000,objid:6,type:0,xpos:0.000000,ypos:0.000000,xspeed:-1.450000,yspeed:-0.570000,angle:-18.000000,distense:48.400000,rcs:6.000000
