timestame:1620902396.320000000,objid:2,type:0,xpos:0.000000,ypos:0.000000,xspeed:11.330000,yspeed:0.150000,angle:1.120000,distense:100.000000,rcs:12.000000
timestame:1620902396.320000000,objid:5,type:0,xpos:0.000000,ypos:0.000000,xspeed:8.990000,yspeed:0.030000,angle:0.850000,distense:140.800000,rcs:15.000000
