timestame:1620902377.835000000,objid:4,type:0,xpos:0.000000,ypos:0.000000,xspeed:-1.330000,yspeed:0.040000,angle:19.370000,distense:16.600000,rcs:6.000000
timestame:1620902377.835000000,objid:6,type:0,xpos:0.000000,ypos:0.000000,xspeed:-1.230000,yspeed:0.140000,angle:-18.000000,distense:35.600000,rcs:6.000000
timestame:1620902377.835000000,objid:7,type:0,xpos:0.000000,ypos:0.000000,xspeed:-3.790000,yspeed:0.030000,angle:-5.240000,distense:89.000000,rcs:18.000000
timestame:1620902377.835000000,objid:8,type:0,xpos:0.000000,ypos:0.000000,xspeed:2.850000,yspeed:-6.850000,angle:4.110000,distense:56.600000,rcs:6.000000
