timestame:1620902372.929000000,objid:4,type:0,xpos:0.000000,ypos:0.000000,xspeed:-1.310000,yspeed:-0.440000,angle:13.680000,distense:22.800000,rcs:13.000000
timestame:1620902372.929000000,objid:6,type:0,xpos:0.000000,ypos:0.000000,xspeed:-1.220000,yspeed:0.230000,angle:-18.000000,distense:41.400000,rcs:6.000000
timestame:1620902372.929000000,objid:7,type:0,xpos:0.000000,ypos:0.000000,xspeed:-5.230000,yspeed:0.000000,angle:-4.210000,distense:107.400000,rcs:9.000000
