timestame:1620902381.184000000,objid:4,type:0,xpos:0.000000,ypos:0.000000,xspeed:-3.580000,yspeed:0.750000,angle:-3.250000,distense:64.400000,rcs:18.000000
timestame:1620902381.184000000,objid:5,type:0,xpos:0.000000,ypos:0.000000,xspeed:-1.050000,yspeed:-6.810000,angle:-18.000000,distense:58.400000,rcs:6.000000
timestame:1620902381.184000000,objid:7,type:0,xpos:0.000000,ypos:0.000000,xspeed:-4.530000,yspeed:-0.020000,angle:-6.070000,distense:74.600000,rcs:12.000000
