timestame:1620902367.603000000,objid:4,type:0,xpos:0.000000,ypos:0.000000,xspeed:-1.200000,yspeed:-0.460000,angle:14.740000,distense:29.800000,rcs:9.000000
timestame:1620902367.603000000,objid:5,type:0,xpos:0.000000,ypos:0.000000,xspeed:14.570000,yspeed:-0.120000,angle:-0.600000,distense:208.600000,rcs:6.000000
timestame:1620902367.603000000,objid:6,type:0,xpos:0.000000,ypos:0.000000,xspeed:-1.490000,yspeed:-0.600000,angle:-18.000000,distense:48.000000,rcs:6.000000
