timestame:1620902369.397000000,objid:4,type:0,xpos:0.000000,ypos:0.000000,xspeed:-1.170000,yspeed:-0.190000,angle:15.340000,distense:27.800000,rcs:12.000000
timestame:1620902369.397000000,objid:6,type:0,xpos:0.000000,ypos:0.000000,xspeed:-1.440000,yspeed:-0.170000,angle:-18.000000,distense:45.600000,rcs:6.000000
timestame:1620902369.397000000,objid:7,type:0,xpos:0.000000,ypos:0.000000,xspeed:-7.390000,yspeed:-0.950000,angle:-3.690000,distense:126.200000,rcs:9.000000
