timestame:1620902382.550000000,objid:4,type:0,xpos:0.000000,ypos:0.000000,xspeed:-5.110000,yspeed:2.390000,angle:0.110000,distense:56.600000,rcs:12.000000
timestame:1620902382.550000000,objid:7,type:0,xpos:0.000000,ypos:0.000000,xspeed:-5.760000,yspeed:-0.030000,angle:-6.910000,distense:65.200000,rcs:15.000000
