timestame:1620902395.392000000,objid:2,type:0,xpos:0.000000,ypos:0.000000,xspeed:10.880000,yspeed:0.200000,angle:1.240000,distense:89.000000,rcs:9.000000
timestame:1620902395.392000000,objid:5,type:0,xpos:0.000000,ypos:0.000000,xspeed:9.740000,yspeed:-0.090000,angle:0.750000,distense:133.800000,rcs:12.000000
