timestame:1620902375.665000000,objid:4,type:0,xpos:0.000000,ypos:0.000000,xspeed:-1.270000,yspeed:-0.110000,angle:16.200000,distense:19.400000,rcs:9.000000
timestame:1620902375.665000000,objid:5,type:0,xpos:0.000000,ypos:0.000000,xspeed:-1.730000,yspeed:0.210000,angle:18.520000,distense:57.200000,rcs:6.000000
timestame:1620902375.665000000,objid:6,type:0,xpos:0.000000,ypos:0.000000,xspeed:-1.230000,yspeed:0.210000,angle:-18.000000,distense:38.200000,rcs:6.000000
timestame:1620902375.665000000,objid:7,type:0,xpos:0.000000,ypos:0.000000,xspeed:-4.180000,yspeed:-0.140000,angle:-5.010000,distense:96.800000,rcs:6.000000
