timestame:1620902387.202000000,objid:5,type:0,xpos:0.000000,ypos:0.000000,xspeed:6.790000,yspeed:-0.020000,angle:2.110000,distense:52.600000,rcs:25.000000
timestame:1620902387.202000000,objid:6,type:0,xpos:0.000000,ypos:0.000000,xspeed:2.080000,yspeed:0.110000,angle:4.920000,distense:20.200000,rcs:24.000000
timestame:1620902387.202000000,objid:7,type:0,xpos:0.000000,ypos:0.000000,xspeed:-8.290000,yspeed:-0.100000,angle:-17.720000,distense:27.800000,rcs:9.000000
