timestame:1620902368.596000000,objid:4,type:0,xpos:0.000000,ypos:0.000000,xspeed:-1.170000,yspeed:-0.420000,angle:14.670000,distense:28.800000,rcs:15.000000
timestame:1620902368.596000000,objid:5,type:0,xpos:0.000000,ypos:0.000000,xspeed:14.630000,yspeed:-0.070000,angle:-0.540000,distense:222.800000,rcs:9.000000
timestame:1620902368.596000000,objid:6,type:0,xpos:0.000000,ypos:0.000000,xspeed:-1.530000,yspeed:-0.400000,angle:-18.000000,distense:46.600000,rcs:6.000000
timestame:1620902368.596000000,objid:7,type:0,xpos:0.000000,ypos:0.000000,xspeed:-7.630000,yspeed:-2.710000,angle:-3.690000,distense:132.200000,rcs:12.000000
