timestame:1620902374.857000000,objid:4,type:0,xpos:0.000000,ypos:0.000000,xspeed:-1.440000,yspeed:-0.050000,angle:15.940000,distense:20.200000,rcs:9.000000
timestame:1620902374.857000000,objid:6,type:0,xpos:0.000000,ypos:0.000000,xspeed:-1.200000,yspeed:0.270000,angle:-18.000000,distense:39.200000,rcs:9.000000
timestame:1620902374.857000000,objid:7,type:0,xpos:0.000000,ypos:0.000000,xspeed:-4.420000,yspeed:-0.180000,angle:-4.860000,distense:99.600000,rcs:9.000000
