timestame:1620902393.647000000,objid:2,type:0,xpos:0.000000,ypos:0.000000,xspeed:9.950000,yspeed:0.010000,angle:1.160000,distense:69.200000,rcs:26.000000
timestame:1620902393.647000000,objid:5,type:0,xpos:0.000000,ypos:0.000000,xspeed:10.080000,yspeed:-0.060000,angle:0.910000,distense:117.200000,rcs:19.000000
