timestame:1620902385.763000000,objid:3,type:0,xpos:0.000000,ypos:0.000000,xspeed:-1.150000,yspeed:5.450000,angle:22.160000,distense:52.000000,rcs:12.000000
timestame:1620902385.763000000,objid:5,type:0,xpos:0.000000,ypos:0.000000,xspeed:5.860000,yspeed:-0.020000,angle:2.620000,distense:41.800000,rcs:26.000000
timestame:1620902385.763000000,objid:7,type:0,xpos:0.000000,ypos:0.000000,xspeed:-7.730000,yspeed:-0.170000,angle:-12.260000,distense:40.000000,rcs:19.000000
