timestame:1620902371.567000000,objid:4,type:0,xpos:0.000000,ypos:0.000000,xspeed:-1.310000,yspeed:-0.540000,angle:13.800000,distense:24.800000,rcs:6.000000
timestame:1620902371.567000000,objid:6,type:0,xpos:0.000000,ypos:0.000000,xspeed:-1.250000,yspeed:0.120000,angle:-18.000000,distense:43.200000,rcs:6.000000
timestame:1620902371.567000000,objid:7,type:0,xpos:0.000000,ypos:0.000000,xspeed:-6.240000,yspeed:-0.380000,angle:-4.300000,distense:113.400000,rcs:9.000000
