timestame:1620902370.445000000,objid:4,type:0,xpos:0.000000,ypos:0.000000,xspeed:-1.080000,yspeed:-0.460000,angle:14.660000,distense:26.800000,rcs:13.000000
timestame:1620902370.445000000,objid:5,type:0,xpos:0.000000,ypos:0.000000,xspeed:17.190000,yspeed:0.000000,angle:11.170000,distense:36.200000,rcs:9.000000
timestame:1620902370.445000000,objid:6,type:0,xpos:0.000000,ypos:0.000000,xspeed:-1.330000,yspeed:-0.110000,angle:-18.000000,distense:44.600000,rcs:6.000000
timestame:1620902370.445000000,objid:7,type:0,xpos:0.000000,ypos:0.000000,xspeed:-6.780000,yspeed:-0.630000,angle:-4.050000,distense:119.800000,rcs:12.000000
