timestame:1620902387.017000000,objid:5,type:0,xpos:0.000000,ypos:0.000000,xspeed:6.670000,yspeed:0.010000,angle:2.230000,distense:51.200000,rcs:30.000000
timestame:1620902387.017000000,objid:6,type:0,xpos:0.000000,ypos:0.000000,xspeed:1.980000,yspeed:0.270000,angle:5.430000,distense:19.600000,rcs:21.000000
timestame:1620902387.017000000,objid:7,type:0,xpos:0.000000,ypos:0.000000,xspeed:-8.280000,yspeed:-0.190000,angle:-17.040000,distense:29.200000,rcs:9.000000
