timestame:1620902389.242000000,objid:5,type:0,xpos:0.000000,ypos:0.000000,xspeed:8.480000,yspeed:0.000000,angle:1.530000,distense:71.600000,rcs:19.000000
timestame:1620902389.242000000,objid:6,type:0,xpos:0.000000,ypos:0.000000,xspeed:3.820000,yspeed:0.090000,angle:3.620000,distense:29.400000,rcs:30.000000
