timestame:1620902374.364000000,objid:4,type:0,xpos:0.000000,ypos:0.000000,xspeed:-1.400000,yspeed:-0.140000,angle:15.150000,distense:21.000000,rcs:9.000000
timestame:1620902374.364000000,objid:6,type:0,xpos:0.000000,ypos:0.000000,xspeed:-1.240000,yspeed:0.290000,angle:-18.000000,distense:39.600000,rcs:9.000000
timestame:1620902374.364000000,objid:7,type:0,xpos:0.000000,ypos:0.000000,xspeed:-4.710000,yspeed:-0.260000,angle:-4.820000,distense:101.600000,rcs:6.000000
