timestame:1620902363.227000000,objid:5,type:0,xpos:0.000000,ypos:0.000000,xspeed:13.180000,yspeed:-0.370000,angle:-0.710000,distense:143.800000,rcs:9.000000
timestame:1620902363.227000000,objid:6,type:0,xpos:0.000000,ypos:0.000000,xspeed:-1.920000,yspeed:-2.470000,angle:-18.000000,distense:53.200000,rcs:6.000000
