timestame:1620902383.234000000,objid:3,type:0,xpos:0.000000,ypos:0.000000,xspeed:1.100000,yspeed:0.070000,angle:4.330000,distense:25.800000,rcs:19.000000
timestame:1620902383.234000000,objid:4,type:0,xpos:0.000000,ypos:0.000000,xspeed:-5.270000,yspeed:3.230000,angle:3.460000,distense:53.000000,rcs:12.000000
timestame:1620902383.234000000,objid:7,type:0,xpos:0.000000,ypos:0.000000,xspeed:-6.240000,yspeed:0.020000,angle:-7.400000,distense:60.400000,rcs:6.000000
