timestame:1620902388.503000000,objid:5,type:0,xpos:0.000000,ypos:0.000000,xspeed:7.910000,yspeed:-0.040000,angle:1.640000,distense:64.600000,rcs:26.000000
timestame:1620902388.503000000,objid:6,type:0,xpos:0.000000,ypos:0.000000,xspeed:3.250000,yspeed:0.050000,angle:3.980000,distense:25.800000,rcs:24.000000
