timestame:1620902386.457000000,objid:5,type:0,xpos:0.000000,ypos:0.000000,xspeed:6.270000,yspeed:0.010000,angle:2.390000,distense:47.000000,rcs:29.000000
timestame:1620902386.457000000,objid:6,type:0,xpos:0.000000,ypos:0.000000,xspeed:1.590000,yspeed:0.160000,angle:5.130000,distense:18.200000,rcs:15.000000
timestame:1620902386.457000000,objid:7,type:0,xpos:0.000000,ypos:0.000000,xspeed:-7.920000,yspeed:-0.060000,angle:-14.240000,distense:34.000000,rcs:23.000000
