timestame:1620902376.840000000,objid:4,type:0,xpos:0.000000,ypos:0.000000,xspeed:-1.300000,yspeed:-0.080000,angle:17.510000,distense:17.800000,rcs:6.000000
timestame:1620902376.840000000,objid:6,type:0,xpos:0.000000,ypos:0.000000,xspeed:-1.240000,yspeed:0.170000,angle:-18.000000,distense:36.800000,rcs:12.000000
timestame:1620902376.840000000,objid:7,type:0,xpos:0.000000,ypos:0.000000,xspeed:-3.910000,yspeed:0.020000,angle:-5.040000,distense:92.400000,rcs:13.000000
