timestame:1620902379.207000000,objid:4,type:0,xpos:0.000000,ypos:0.000000,xspeed:1.990000,yspeed:-3.370000,angle:-7.120000,distense:56.600000,rcs:9.000000
timestame:1620902379.207000000,objid:7,type:0,xpos:0.000000,ypos:0.000000,xspeed:-3.770000,yspeed:0.190000,angle:-5.210000,distense:83.800000,rcs:6.000000
