timestame:1620902368.535000000,objid:4,type:0,xpos:0.000000,ypos:0.000000,xspeed:-1.170000,yspeed:-0.420000,angle:14.680000,distense:28.800000,rcs:15.000000
timestame:1620902368.535000000,objid:5,type:0,xpos:0.000000,ypos:0.000000,xspeed:14.630000,yspeed:-0.070000,angle:-0.540000,distense:221.800000,rcs:9.000000
timestame:1620902368.535000000,objid:6,type:0,xpos:0.000000,ypos:0.000000,xspeed:-1.540000,yspeed:-0.450000,angle:-18.000000,distense:46.800000,rcs:6.000000
timestame:1620902368.535000000,objid:7,type:0,xpos:0.000000,ypos:0.000000,xspeed:-7.430000,yspeed:-2.160000,angle:-3.450000,distense:132.800000,rcs:15.000000
