timestame:1620902397.060000000,objid:2,type:0,xpos:0.000000,ypos:0.000000,xspeed:11.520000,yspeed:0.000000,angle:0.880000,distense:109.200000,rcs:9.000000
timestame:1620902397.060000000,objid:5,type:0,xpos:0.000000,ypos:0.000000,xspeed:8.680000,yspeed:0.080000,angle:0.870000,distense:147.200000,rcs:9.000000
