timestame:1620902371.998000000,objid:4,type:0,xpos:0.000000,ypos:0.000000,xspeed:-1.370000,yspeed:-0.530000,angle:13.710000,distense:24.200000,rcs:16.000000
timestame:1620902371.998000000,objid:6,type:0,xpos:0.000000,ypos:0.000000,xspeed:-1.220000,yspeed:0.170000,angle:-18.000000,distense:42.600000,rcs:6.000000
timestame:1620902371.998000000,objid:7,type:0,xpos:0.000000,ypos:0.000000,xspeed:-5.930000,yspeed:-0.360000,angle:-4.420000,distense:111.400000,rcs:13.000000
