timestame:1620902391.479000000,objid:2,type:0,xpos:0.000000,ypos:0.000000,xspeed:9.600000,yspeed:0.520000,angle:1.990000,distense:47.800000,rcs:22.000000
timestame:1620902391.479000000,objid:5,type:0,xpos:0.000000,ypos:0.000000,xspeed:9.770000,yspeed:0.000000,angle:1.240000,distense:95.000000,rcs:22.000000
