timestame:1620902366.364000000,objid:5,type:0,xpos:0.000000,ypos:0.000000,xspeed:14.450000,yspeed:-0.240000,angle:-0.700000,distense:190.000000,rcs:9.000000
timestame:1620902366.364000000,objid:6,type:0,xpos:0.000000,ypos:0.000000,xspeed:-1.020000,yspeed:0.390000,angle:-17.550000,distense:49.800000,rcs:6.000000
