timestame:1620902380.562000000,objid:2,type:0,xpos:0.000000,ypos:0.000000,xspeed:-1.870000,yspeed:-0.050000,angle:-4.030000,distense:69.400000,rcs:23.000000
timestame:1620902380.562000000,objid:5,type:0,xpos:0.000000,ypos:0.000000,xspeed:-1.400000,yspeed:-6.260000,angle:-18.000000,distense:57.000000,rcs:16.000000
timestame:1620902380.562000000,objid:7,type:0,xpos:0.000000,ypos:0.000000,xspeed:-4.130000,yspeed:0.060000,angle:-5.680000,distense:77.800000,rcs:15.000000
