timestame:1620902379.761000000,objid:2,type:0,xpos:0.000000,ypos:0.000000,xspeed:-1.200000,yspeed:-0.180000,angle:-4.000000,distense:72.000000,rcs:16.000000
timestame:1620902379.761000000,objid:4,type:0,xpos:0.000000,ypos:0.000000,xspeed:1.450000,yspeed:-4.180000,angle:-9.650000,distense:57.400000,rcs:23.000000
timestame:1620902379.761000000,objid:5,type:0,xpos:0.000000,ypos:0.000000,xspeed:-4.670000,yspeed:-0.730000,angle:-12.910000,distense:55.000000,rcs:25.000000
timestame:1620902379.761000000,objid:7,type:0,xpos:0.000000,ypos:0.000000,xspeed:-3.800000,yspeed:0.150000,angle:-5.330000,distense:81.800000,rcs:16.000000
