timestame:1620902390.482000000,objid:5,type:0,xpos:0.000000,ypos:0.000000,xspeed:9.260000,yspeed:0.010000,angle:1.380000,distense:84.200000,rcs:21.000000
timestame:1620902390.482000000,objid:6,type:0,xpos:0.000000,ypos:0.000000,xspeed:5.000000,yspeed:-0.010000,angle:2.840000,distense:37.200000,rcs:28.000000
