timestame:1620902368.350000000,objid:4,type:0,xpos:0.000000,ypos:0.000000,xspeed:-1.190000,yspeed:-0.420000,angle:14.750000,distense:29.000000,rcs:12.000000
timestame:1620902368.350000000,objid:5,type:0,xpos:0.000000,ypos:0.000000,xspeed:14.630000,yspeed:-0.070000,angle:-0.550000,distense:219.200000,rcs:9.000000
timestame:1620902368.350000000,objid:6,type:0,xpos:0.000000,ypos:0.000000,xspeed:-1.540000,yspeed:-0.470000,angle:-18.000000,distense:47.000000,rcs:6.000000
timestame:1620902368.350000000,objid:7,type:0,xpos:0.000000,ypos:0.000000,xspeed:-7.770000,yspeed:-3.330000,angle:-3.500000,distense:134.000000,rcs:18.000000
