timestame:1620902390.420000000,objid:5,type:0,xpos:0.000000,ypos:0.000000,xspeed:9.230000,yspeed:0.020000,angle:1.420000,distense:83.600000,rcs:20.000000
timestame:1620902390.420000000,objid:6,type:0,xpos:0.000000,ypos:0.000000,xspeed:4.930000,yspeed:0.000000,angle:2.890000,distense:36.800000,rcs:21.000000
