timestame:1620902389.181000000,objid:5,type:0,xpos:0.000000,ypos:0.000000,xspeed:8.460000,yspeed:0.000000,angle:1.560000,distense:71.000000,rcs:28.000000
timestame:1620902389.181000000,objid:6,type:0,xpos:0.000000,ypos:0.000000,xspeed:3.760000,yspeed:0.090000,angle:3.630000,distense:29.200000,rcs:20.000000
