timestame:1620902369.644000000,objid:4,type:0,xpos:0.000000,ypos:0.000000,xspeed:-1.130000,yspeed:-0.180000,angle:15.410000,distense:27.600000,rcs:12.000000
timestame:1620902369.644000000,objid:6,type:0,xpos:0.000000,ypos:0.000000,xspeed:-1.400000,yspeed:-0.170000,angle:-18.000000,distense:45.400000,rcs:6.000000
timestame:1620902369.644000000,objid:7,type:0,xpos:0.000000,ypos:0.000000,xspeed:-7.310000,yspeed:-1.050000,angle:-3.920000,distense:124.600000,rcs:9.000000
