timestame:1620902369.459000000,objid:4,type:0,xpos:0.000000,ypos:0.000000,xspeed:-1.170000,yspeed:-0.190000,angle:15.360000,distense:27.800000,rcs:12.000000
timestame:1620902369.459000000,objid:6,type:0,xpos:0.000000,ypos:0.000000,xspeed:-1.410000,yspeed:-0.110000,angle:-18.000000,distense:45.600000,rcs:9.000000
timestame:1620902369.459000000,objid:7,type:0,xpos:0.000000,ypos:0.000000,xspeed:-7.390000,yspeed:-0.950000,angle:-3.730000,distense:125.800000,rcs:9.000000
