timestame:1620902367.232000000,objid:4,type:0,xpos:0.000000,ypos:0.000000,xspeed:-1.200000,yspeed:-0.440000,angle:14.880000,distense:30.400000,rcs:12.000000
timestame:1620902367.232000000,objid:5,type:0,xpos:0.000000,ypos:0.000000,xspeed:14.510000,yspeed:-0.140000,angle:-0.610000,distense:203.200000,rcs:6.000000
timestame:1620902367.232000000,objid:6,type:0,xpos:0.000000,ypos:0.000000,xspeed:-1.480000,yspeed:-0.610000,angle:-18.000000,distense:48.400000,rcs:9.000000
