timestame:1620902394.339000000,objid:2,type:0,xpos:0.000000,ypos:0.000000,xspeed:10.300000,yspeed:0.120000,angle:1.240000,distense:76.600000,rcs:19.000000
timestame:1620902394.339000000,objid:5,type:0,xpos:0.000000,ypos:0.000000,xspeed:10.010000,yspeed:-0.070000,angle:0.840000,distense:123.600000,rcs:20.000000
