timestame:1620902380.131000000,objid:2,type:0,xpos:0.000000,ypos:0.000000,xspeed:-1.580000,yspeed:-0.130000,angle:-4.050000,distense:70.800000,rcs:21.000000
timestame:1620902380.131000000,objid:5,type:0,xpos:0.000000,ypos:0.000000,xspeed:-2.130000,yspeed:-4.470000,angle:-15.900000,distense:56.000000,rcs:13.000000
timestame:1620902380.131000000,objid:7,type:0,xpos:0.000000,ypos:0.000000,xspeed:-3.910000,yspeed:0.130000,angle:-5.450000,distense:80.000000,rcs:6.000000
