timestame:1620902393.148000000,objid:2,type:0,xpos:0.000000,ypos:0.000000,xspeed:9.650000,yspeed:-0.010000,angle:1.230000,distense:64.000000,rcs:24.000000
timestame:1620902393.148000000,objid:5,type:0,xpos:0.000000,ypos:0.000000,xspeed:10.080000,yspeed:0.010000,angle:1.050000,distense:112.400000,rcs:15.000000
