timestame:1620902367.355000000,objid:4,type:0,xpos:0.000000,ypos:0.000000,xspeed:-1.210000,yspeed:-0.490000,angle:14.740000,distense:30.200000,rcs:12.000000
timestame:1620902367.355000000,objid:5,type:0,xpos:0.000000,ypos:0.000000,xspeed:14.530000,yspeed:-0.160000,angle:-0.620000,distense:205.000000,rcs:6.000000
timestame:1620902367.355000000,objid:6,type:0,xpos:0.000000,ypos:0.000000,xspeed:-1.440000,yspeed:-0.590000,angle:-18.000000,distense:48.400000,rcs:12.000000
