timestame:1620902386.076000000,objid:3,type:0,xpos:0.000000,ypos:0.000000,xspeed:-1.070000,yspeed:5.510000,angle:-16.640000,distense:52.600000,rcs:6.000000
timestame:1620902386.076000000,objid:5,type:0,xpos:0.000000,ypos:0.000000,xspeed:6.080000,yspeed:0.060000,angle:2.620000,distense:44.400000,rcs:24.000000
timestame:1620902386.076000000,objid:6,type:0,xpos:0.000000,ypos:0.000000,xspeed:1.440000,yspeed:-0.340000,angle:4.570000,distense:17.600000,rcs:20.000000
timestame:1620902386.076000000,objid:7,type:0,xpos:0.000000,ypos:0.000000,xspeed:-7.870000,yspeed:-0.120000,angle:-13.240000,distense:37.000000,rcs:21.000000
