timestame:1620902376.902000000,objid:4,type:0,xpos:0.000000,ypos:0.000000,xspeed:-1.300000,yspeed:-0.080000,angle:17.570000,distense:17.800000,rcs:6.000000
timestame:1620902376.902000000,objid:6,type:0,xpos:0.000000,ypos:0.000000,xspeed:-1.240000,yspeed:0.170000,angle:-18.000000,distense:36.600000,rcs:12.000000
timestame:1620902376.902000000,objid:7,type:0,xpos:0.000000,ypos:0.000000,xspeed:-3.920000,yspeed:-0.010000,angle:-5.100000,distense:92.200000,rcs:13.000000
timestame:1620902376.902000000,objid:8,type:0,xpos:0.000000,ypos:0.000000,xspeed:-1.460000,yspeed:0.000000,angle:9.350000,distense:56.200000,rcs:15.000000
