timestame:1620902396.998000000,objid:2,type:0,xpos:0.000000,ypos:0.000000,xspeed:11.510000,yspeed:-0.040000,angle:0.840000,distense:108.400000,rcs:16.000000
timestame:1620902396.998000000,objid:5,type:0,xpos:0.000000,ypos:0.000000,xspeed:8.680000,yspeed:0.080000,angle:0.870000,distense:146.600000,rcs:9.000000
