timestame:1620902395.146000000,objid:2,type:0,xpos:0.000000,ypos:0.000000,xspeed:10.760000,yspeed:0.020000,angle:1.020000,distense:86.200000,rcs:22.000000
timestame:1620902395.146000000,objid:5,type:0,xpos:0.000000,ypos:0.000000,xspeed:9.860000,yspeed:-0.030000,angle:0.820000,distense:131.800000,rcs:12.000000
