timestame:1620902393.709000000,objid:2,type:0,xpos:0.000000,ypos:0.000000,xspeed:9.970000,yspeed:0.030000,angle:1.180000,distense:69.800000,rcs:16.000000
timestame:1620902393.709000000,objid:5,type:0,xpos:0.000000,ypos:0.000000,xspeed:10.090000,yspeed:-0.090000,angle:0.880000,distense:117.800000,rcs:15.000000
