timestame:1620902376.469000000,objid:4,type:0,xpos:0.000000,ypos:0.000000,xspeed:-1.290000,yspeed:-0.070000,angle:17.140000,distense:18.400000,rcs:6.000000
timestame:1620902376.469000000,objid:6,type:0,xpos:0.000000,ypos:0.000000,xspeed:-1.200000,yspeed:0.220000,angle:-18.000000,distense:37.200000,rcs:6.000000
timestame:1620902376.469000000,objid:7,type:0,xpos:0.000000,ypos:0.000000,xspeed:-3.990000,yspeed:0.020000,angle:-4.980000,distense:93.800000,rcs:9.000000
