timestame:1620902395.704000000,objid:2,type:0,xpos:0.000000,ypos:0.000000,xspeed:11.000000,yspeed:0.180000,angle:1.200000,distense:92.600000,rcs:18.000000
timestame:1620902395.704000000,objid:5,type:0,xpos:0.000000,ypos:0.000000,xspeed:9.510000,yspeed:0.050000,angle:0.880000,distense:136.200000,rcs:15.000000
