timestame:1620902394.020000000,objid:2,type:0,xpos:0.000000,ypos:0.000000,xspeed:10.150000,yspeed:0.060000,angle:1.190000,distense:73.200000,rcs:24.000000
timestame:1620902394.020000000,objid:5,type:0,xpos:0.000000,ypos:0.000000,xspeed:10.030000,yspeed:-0.090000,angle:0.840000,distense:120.600000,rcs:12.000000
