timestame:1620902387.694000000,objid:5,type:0,xpos:0.000000,ypos:0.000000,xspeed:7.250000,yspeed:-0.040000,angle:1.890000,distense:57.400000,rcs:25.000000
timestame:1620902387.694000000,objid:6,type:0,xpos:0.000000,ypos:0.000000,xspeed:2.610000,yspeed:0.110000,angle:4.610000,distense:22.400000,rcs:29.000000
timestame:1620902387.694000000,objid:7,type:0,xpos:0.000000,ypos:0.000000,xspeed:-8.390000,yspeed:-0.130000,angle:-18.000000,distense:23.400000,rcs:9.000000
