timestame:1620902372.682000000,objid:4,type:0,xpos:0.000000,ypos:0.000000,xspeed:-1.370000,yspeed:-0.420000,angle:13.860000,distense:23.200000,rcs:13.000000
timestame:1620902372.682000000,objid:6,type:0,xpos:0.000000,ypos:0.000000,xspeed:-1.260000,yspeed:0.190000,angle:-18.000000,distense:41.800000,rcs:6.000000
timestame:1620902372.682000000,objid:7,type:0,xpos:0.000000,ypos:0.000000,xspeed:-5.410000,yspeed:-0.140000,angle:-4.340000,distense:108.400000,rcs:9.000000
