timestame:1620902386.585000000,objid:5,type:0,xpos:0.000000,ypos:0.000000,xspeed:6.350000,yspeed:0.110000,angle:2.540000,distense:48.000000,rcs:22.000000
timestame:1620902386.585000000,objid:6,type:0,xpos:0.000000,ypos:0.000000,xspeed:1.680000,yspeed:0.260000,angle:5.340000,distense:18.400000,rcs:16.000000
timestame:1620902386.585000000,objid:7,type:0,xpos:0.000000,ypos:0.000000,xspeed:-8.010000,yspeed:0.000000,angle:-14.570000,distense:33.000000,rcs:20.000000
