timestame:1620902374.980000000,objid:4,type:0,xpos:0.000000,ypos:0.000000,xspeed:-1.400000,yspeed:-0.090000,angle:15.870000,distense:20.000000,rcs:15.000000
timestame:1620902374.980000000,objid:6,type:0,xpos:0.000000,ypos:0.000000,xspeed:-1.230000,yspeed:0.230000,angle:-18.000000,distense:39.000000,rcs:9.000000
timestame:1620902374.980000000,objid:7,type:0,xpos:0.000000,ypos:0.000000,xspeed:-4.390000,yspeed:-0.100000,angle:-4.800000,distense:99.200000,rcs:9.000000
