timestame:1620902385.886000000,objid:3,type:0,xpos:0.000000,ypos:0.000000,xspeed:-1.070000,yspeed:5.510000,angle:-17.710000,distense:52.400000,rcs:6.000000
timestame:1620902385.886000000,objid:5,type:0,xpos:0.000000,ypos:0.000000,xspeed:6.000000,yspeed:-0.040000,angle:2.490000,distense:43.200000,rcs:29.000000
timestame:1620902385.886000000,objid:7,type:0,xpos:0.000000,ypos:0.000000,xspeed:-7.810000,yspeed:-0.240000,angle:-12.950000,distense:38.400000,rcs:16.000000
