timestame:1620902377.154000000,objid:4,type:0,xpos:0.000000,ypos:0.000000,xspeed:-1.320000,yspeed:-0.110000,angle:17.710000,distense:17.400000,rcs:9.000000
timestame:1620902377.154000000,objid:6,type:0,xpos:0.000000,ypos:0.000000,xspeed:-1.250000,yspeed:0.090000,angle:-18.000000,distense:36.400000,rcs:6.000000
timestame:1620902377.154000000,objid:7,type:0,xpos:0.000000,ypos:0.000000,xspeed:-3.900000,yspeed:-0.080000,angle:-5.240000,distense:91.400000,rcs:12.000000
timestame:1620902377.154000000,objid:8,type:0,xpos:0.000000,ypos:0.000000,xspeed:-4.900000,yspeed:3.750000,angle:10.650000,distense:54.600000,rcs:15.000000
