timestame:1620902370.943000000,objid:4,type:0,xpos:0.000000,ypos:0.000000,xspeed:-1.170000,yspeed:-0.660000,angle:13.790000,distense:25.800000,rcs:9.000000
timestame:1620902370.943000000,objid:6,type:0,xpos:0.000000,ypos:0.000000,xspeed:-1.350000,yspeed:-0.120000,angle:-18.000000,distense:43.800000,rcs:6.000000
timestame:1620902370.943000000,objid:7,type:0,xpos:0.000000,ypos:0.000000,xspeed:-6.430000,yspeed:-0.580000,angle:-4.260000,distense:116.800000,rcs:6.000000
