timestame:1620902371.005000000,objid:4,type:0,xpos:0.000000,ypos:0.000000,xspeed:-1.180000,yspeed:-0.730000,angle:13.520000,distense:25.800000,rcs:12.000000
timestame:1620902371.005000000,objid:6,type:0,xpos:0.000000,ypos:0.000000,xspeed:-1.350000,yspeed:-0.120000,angle:-18.000000,distense:43.800000,rcs:6.000000
timestame:1620902371.005000000,objid:7,type:0,xpos:0.000000,ypos:0.000000,xspeed:-6.430000,yspeed:-0.490000,angle:-4.200000,distense:116.400000,rcs:12.000000
