timestame:1620902371.377000000,objid:4,type:0,xpos:0.000000,ypos:0.000000,xspeed:-1.260000,yspeed:-0.640000,angle:13.570000,distense:25.200000,rcs:13.000000
timestame:1620902371.377000000,objid:6,type:0,xpos:0.000000,ypos:0.000000,xspeed:-1.290000,yspeed:0.040000,angle:-18.000000,distense:43.400000,rcs:6.000000
timestame:1620902371.377000000,objid:7,type:0,xpos:0.000000,ypos:0.000000,xspeed:-6.320000,yspeed:-0.460000,angle:-4.320000,distense:114.400000,rcs:9.000000
