timestame:1620902370.758000000,objid:4,type:0,xpos:0.000000,ypos:0.000000,xspeed:-1.090000,yspeed:-0.640000,angle:13.980000,distense:26.200000,rcs:16.000000
timestame:1620902370.758000000,objid:6,type:0,xpos:0.000000,ypos:0.000000,xspeed:-1.340000,yspeed:-0.180000,angle:-18.000000,distense:44.200000,rcs:6.000000
timestame:1620902370.758000000,objid:7,type:0,xpos:0.000000,ypos:0.000000,xspeed:-6.620000,yspeed:-0.660000,angle:-4.230000,distense:118.000000,rcs:6.000000
