timestame:1620902395.079000000,objid:2,type:0,xpos:0.000000,ypos:0.000000,xspeed:10.720000,yspeed:0.010000,angle:1.010000,distense:85.600000,rcs:16.000000
timestame:1620902395.079000000,objid:5,type:0,xpos:0.000000,ypos:0.000000,xspeed:9.910000,yspeed:0.010000,angle:0.870000,distense:131.200000,rcs:9.000000
