timestame:1620902392.469000000,objid:2,type:0,xpos:0.000000,ypos:0.000000,xspeed:9.470000,yspeed:-0.120000,angle:1.300000,distense:56.800000,rcs:26.000000
timestame:1620902392.469000000,objid:5,type:0,xpos:0.000000,ypos:0.000000,xspeed:9.990000,yspeed:-0.040000,angle:1.050000,distense:104.800000,rcs:20.000000
