timestame:1620902380.685000000,objid:2,type:0,xpos:0.000000,ypos:0.000000,xspeed:-1.870000,yspeed:-0.050000,angle:-4.040000,distense:69.200000,rcs:23.000000
timestame:1620902380.685000000,objid:5,type:0,xpos:0.000000,ypos:0.000000,xspeed:-1.370000,yspeed:-6.390000,angle:-18.000000,distense:57.200000,rcs:12.000000
timestame:1620902380.685000000,objid:7,type:0,xpos:0.000000,ypos:0.000000,xspeed:-4.160000,yspeed:0.040000,angle:-5.750000,distense:77.200000,rcs:15.000000
