timestame:1620902374.734000000,objid:4,type:0,xpos:0.000000,ypos:0.000000,xspeed:-1.430000,yspeed:-0.120000,angle:15.570000,distense:20.200000,rcs:6.000000
timestame:1620902374.734000000,objid:6,type:0,xpos:0.000000,ypos:0.000000,xspeed:-1.190000,yspeed:0.260000,angle:-18.000000,distense:39.200000,rcs:9.000000
timestame:1620902374.734000000,objid:7,type:0,xpos:0.000000,ypos:0.000000,xspeed:-4.450000,yspeed:-0.200000,angle:-4.860000,distense:100.200000,rcs:16.000000
