timestame:1620902395.765000000,objid:2,type:0,xpos:0.000000,ypos:0.000000,xspeed:11.030000,yspeed:0.170000,angle:1.190000,distense:93.200000,rcs:6.000000
timestame:1620902395.765000000,objid:5,type:0,xpos:0.000000,ypos:0.000000,xspeed:9.450000,yspeed:0.050000,angle:0.880000,distense:136.800000,rcs:16.000000
