timestame:1620902386.893000000,objid:5,type:0,xpos:0.000000,ypos:0.000000,xspeed:6.580000,yspeed:0.000000,angle:2.250000,distense:50.200000,rcs:29.000000
timestame:1620902386.893000000,objid:6,type:0,xpos:0.000000,ypos:0.000000,xspeed:1.980000,yspeed:0.340000,angle:5.560000,distense:19.400000,rcs:22.000000
timestame:1620902386.893000000,objid:7,type:0,xpos:0.000000,ypos:0.000000,xspeed:-8.170000,yspeed:-0.070000,angle:-16.060000,distense:30.400000,rcs:13.000000
