timestame:1620902395.269000000,objid:2,type:0,xpos:0.000000,ypos:0.000000,xspeed:10.820000,yspeed:0.060000,angle:1.060000,distense:87.600000,rcs:18.000000
timestame:1620902395.269000000,objid:5,type:0,xpos:0.000000,ypos:0.000000,xspeed:9.830000,yspeed:0.000000,angle:0.840000,distense:132.800000,rcs:13.000000
