timestame:1620902390.359000000,objid:5,type:0,xpos:0.000000,ypos:0.000000,xspeed:9.220000,yspeed:0.040000,angle:1.450000,distense:83.200000,rcs:20.000000
timestame:1620902390.359000000,objid:6,type:0,xpos:0.000000,ypos:0.000000,xspeed:4.840000,yspeed:0.040000,angle:3.030000,distense:36.200000,rcs:25.000000
