timestame:1620902387.571000000,objid:5,type:0,xpos:0.000000,ypos:0.000000,xspeed:7.180000,yspeed:0.010000,angle:2.020000,distense:56.400000,rcs:29.000000
timestame:1620902387.571000000,objid:6,type:0,xpos:0.000000,ypos:0.000000,xspeed:2.560000,yspeed:0.110000,angle:4.650000,distense:22.000000,rcs:20.000000
timestame:1620902387.571000000,objid:7,type:0,xpos:0.000000,ypos:0.000000,xspeed:-8.380000,yspeed:-0.150000,angle:-18.000000,distense:24.400000,rcs:13.000000
