timestame:1620902385.084000000,objid:5,type:0,xpos:0.000000,ypos:0.000000,xspeed:5.210000,yspeed:-0.150000,angle:2.770000,distense:37.200000,rcs:29.000000
timestame:1620902385.084000000,objid:7,type:0,xpos:0.000000,ypos:0.000000,xspeed:-7.570000,yspeed:-0.210000,angle:-10.820000,distense:45.200000,rcs:20.000000
