timestame:1620902388.934000000,objid:5,type:0,xpos:0.000000,ypos:0.000000,xspeed:8.260000,yspeed:-0.010000,angle:1.600000,distense:68.600000,rcs:31.000000
timestame:1620902388.934000000,objid:6,type:0,xpos:0.000000,ypos:0.000000,xspeed:3.580000,yspeed:-0.120000,angle:3.200000,distense:27.800000,rcs:16.000000
