timestame:1620902368.165000000,objid:4,type:0,xpos:0.000000,ypos:0.000000,xspeed:-1.190000,yspeed:-0.380000,angle:14.880000,distense:29.200000,rcs:16.000000
timestame:1620902368.165000000,objid:5,type:0,xpos:0.000000,ypos:0.000000,xspeed:14.630000,yspeed:-0.080000,angle:-0.560000,distense:216.600000,rcs:6.000000
timestame:1620902368.165000000,objid:6,type:0,xpos:0.000000,ypos:0.000000,xspeed:-1.540000,yspeed:-0.470000,angle:-18.000000,distense:47.200000,rcs:6.000000
timestame:1620902368.165000000,objid:7,type:0,xpos:0.000000,ypos:0.000000,xspeed:-9.100000,yspeed:-5.690000,angle:-3.540000,distense:134.800000,rcs:9.000000
