timestame:1620902394.400000000,objid:2,type:0,xpos:0.000000,ypos:0.000000,xspeed:10.350000,yspeed:0.120000,angle:1.230000,distense:77.200000,rcs:22.000000
timestame:1620902394.400000000,objid:5,type:0,xpos:0.000000,ypos:0.000000,xspeed:10.000000,yspeed:-0.070000,angle:0.830000,distense:124.200000,rcs:20.000000
