timestame:1620902373.554000000,objid:4,type:0,xpos:0.000000,ypos:0.000000,xspeed:-1.430000,yspeed:-0.230000,angle:14.560000,distense:22.000000,rcs:6.000000
timestame:1620902373.554000000,objid:6,type:0,xpos:0.000000,ypos:0.000000,xspeed:-1.240000,yspeed:0.300000,angle:-18.000000,distense:40.600000,rcs:9.000000
timestame:1620902373.554000000,objid:7,type:0,xpos:0.000000,ypos:0.000000,xspeed:-5.040000,yspeed:0.010000,angle:-4.270000,distense:104.600000,rcs:12.000000
