timestame:1620902393.462000000,objid:2,type:0,xpos:0.000000,ypos:0.000000,xspeed:9.800000,yspeed:-0.010000,angle:1.180000,distense:67.200000,rcs:25.000000
timestame:1620902393.462000000,objid:5,type:0,xpos:0.000000,ypos:0.000000,xspeed:10.070000,yspeed:-0.080000,angle:0.920000,distense:115.200000,rcs:15.000000
