timestame:1620902380.008000000,objid:2,type:0,xpos:0.000000,ypos:0.000000,xspeed:-1.450000,yspeed:-0.160000,angle:-4.060000,distense:71.200000,rcs:16.000000
timestame:1620902380.008000000,objid:5,type:0,xpos:0.000000,ypos:0.000000,xspeed:-2.280000,yspeed:-3.610000,angle:-14.850000,distense:55.800000,rcs:18.000000
timestame:1620902380.008000000,objid:7,type:0,xpos:0.000000,ypos:0.000000,xspeed:-3.890000,yspeed:0.090000,angle:-5.480000,distense:80.400000,rcs:9.000000
