timestame:1620902392.157000000,objid:2,type:0,xpos:0.000000,ypos:0.000000,xspeed:9.540000,yspeed:-0.180000,angle:1.350000,distense:54.000000,rcs:23.000000
timestame:1620902392.157000000,objid:5,type:0,xpos:0.000000,ypos:0.000000,xspeed:9.940000,yspeed:-0.050000,angle:1.070000,distense:101.800000,rcs:20.000000
