timestame:1620902363.479000000,objid:5,type:0,xpos:0.000000,ypos:0.000000,xspeed:13.430000,yspeed:-0.270000,angle:-0.620000,distense:147.400000,rcs:9.000000
timestame:1620902363.479000000,objid:6,type:0,xpos:0.000000,ypos:0.000000,xspeed:-1.620000,yspeed:-2.220000,angle:-18.000000,distense:53.200000,rcs:6.000000
