timestame:1620902368.966000000,objid:4,type:0,xpos:0.000000,ypos:0.000000,xspeed:-1.220000,yspeed:-0.390000,angle:14.740000,distense:28.200000,rcs:12.000000
timestame:1620902368.966000000,objid:6,type:0,xpos:0.000000,ypos:0.000000,xspeed:-1.470000,yspeed:-0.220000,angle:-18.000000,distense:46.200000,rcs:6.000000
timestame:1620902368.966000000,objid:7,type:0,xpos:0.000000,ypos:0.000000,xspeed:-7.460000,yspeed:-1.670000,angle:-3.770000,distense:129.200000,rcs:12.000000
