timestame:1620902374.108000000,objid:4,type:0,xpos:0.000000,ypos:0.000000,xspeed:-1.390000,yspeed:-0.200000,angle:14.810000,distense:21.200000,rcs:12.000000
timestame:1620902374.108000000,objid:6,type:0,xpos:0.000000,ypos:0.000000,xspeed:-1.260000,yspeed:0.250000,angle:-18.000000,distense:40.000000,rcs:12.000000
timestame:1620902374.108000000,objid:7,type:0,xpos:0.000000,ypos:0.000000,xspeed:-4.790000,yspeed:-0.210000,angle:-4.680000,distense:102.600000,rcs:13.000000
