timestame:1620902374.237000000,objid:4,type:0,xpos:0.000000,ypos:0.000000,xspeed:-1.440000,yspeed:-0.150000,angle:15.090000,distense:21.000000,rcs:6.000000
timestame:1620902374.237000000,objid:6,type:0,xpos:0.000000,ypos:0.000000,xspeed:-1.260000,yspeed:0.250000,angle:-18.000000,distense:39.800000,rcs:12.000000
timestame:1620902374.237000000,objid:7,type:0,xpos:0.000000,ypos:0.000000,xspeed:-4.710000,yspeed:-0.200000,angle:-4.700000,distense:102.200000,rcs:12.000000
