timestame:1620902369.028000000,objid:4,type:0,xpos:0.000000,ypos:0.000000,xspeed:-1.230000,yspeed:-0.350000,angle:14.860000,distense:28.000000,rcs:12.000000
timestame:1620902369.028000000,objid:6,type:0,xpos:0.000000,ypos:0.000000,xspeed:-1.470000,yspeed:-0.220000,angle:-18.000000,distense:46.000000,rcs:6.000000
timestame:1620902369.028000000,objid:7,type:0,xpos:0.000000,ypos:0.000000,xspeed:-7.390000,yspeed:-1.470000,angle:-3.720000,distense:128.800000,rcs:13.000000
