timestame:1620902393.774000000,objid:2,type:0,xpos:0.000000,ypos:0.000000,xspeed:10.010000,yspeed:0.070000,angle:1.230000,distense:70.400000,rcs:19.000000
timestame:1620902393.774000000,objid:5,type:0,xpos:0.000000,ypos:0.000000,xspeed:10.080000,yspeed:-0.100000,angle:0.860000,distense:118.400000,rcs:15.000000
