timestame:1620902373.739000000,objid:4,type:0,xpos:0.000000,ypos:0.000000,xspeed:-1.400000,yspeed:-0.250000,angle:14.500000,distense:21.800000,rcs:6.000000
timestame:1620902373.739000000,objid:6,type:0,xpos:0.000000,ypos:0.000000,xspeed:-1.220000,yspeed:0.270000,angle:-18.000000,distense:40.400000,rcs:6.000000
timestame:1620902373.739000000,objid:7,type:0,xpos:0.000000,ypos:0.000000,xspeed:-4.940000,yspeed:-0.050000,angle:-4.380000,distense:104.000000,rcs:13.000000
