timestame:1620902389.119000000,objid:5,type:0,xpos:0.000000,ypos:0.000000,xspeed:8.400000,yspeed:-0.010000,angle:1.560000,distense:70.400000,rcs:22.000000
timestame:1620902389.119000000,objid:6,type:0,xpos:0.000000,ypos:0.000000,xspeed:3.700000,yspeed:-0.030000,angle:3.340000,distense:28.800000,rcs:19.000000
