timestame:1620902371.875000000,objid:4,type:0,xpos:0.000000,ypos:0.000000,xspeed:-1.380000,yspeed:-0.490000,angle:13.890000,distense:24.200000,rcs:9.000000
timestame:1620902371.875000000,objid:6,type:0,xpos:0.000000,ypos:0.000000,xspeed:-1.220000,yspeed:0.170000,angle:-18.000000,distense:42.800000,rcs:6.000000
timestame:1620902371.875000000,objid:7,type:0,xpos:0.000000,ypos:0.000000,xspeed:-6.060000,yspeed:-0.420000,angle:-4.460000,distense:111.800000,rcs:12.000000
