timestame:1620902371.814000000,objid:4,type:0,xpos:0.000000,ypos:0.000000,xspeed:-1.360000,yspeed:-0.550000,angle:13.690000,distense:24.400000,rcs:15.000000
timestame:1620902371.814000000,objid:6,type:0,xpos:0.000000,ypos:0.000000,xspeed:-1.220000,yspeed:0.170000,angle:-18.000000,distense:42.800000,rcs:6.000000
timestame:1620902371.814000000,objid:7,type:0,xpos:0.000000,ypos:0.000000,xspeed:-6.100000,yspeed:-0.420000,angle:-4.430000,distense:112.200000,rcs:13.000000
