timestame:1620902387.325000000,objid:5,type:0,xpos:0.000000,ypos:0.000000,xspeed:6.930000,yspeed:-0.030000,angle:2.030000,distense:54.200000,rcs:29.000000
timestame:1620902387.325000000,objid:6,type:0,xpos:0.000000,ypos:0.000000,xspeed:2.320000,yspeed:0.090000,angle:4.740000,distense:21.000000,rcs:24.000000
timestame:1620902387.325000000,objid:7,type:0,xpos:0.000000,ypos:0.000000,xspeed:-8.370000,yspeed:-0.200000,angle:-18.000000,distense:26.200000,rcs:9.000000
