timestame:1620902395.889000000,objid:2,type:0,xpos:0.000000,ypos:0.000000,xspeed:11.120000,yspeed:0.120000,angle:1.120000,distense:94.800000,rcs:21.000000
timestame:1620902395.889000000,objid:5,type:0,xpos:0.000000,ypos:0.000000,xspeed:9.360000,yspeed:0.060000,angle:0.880000,distense:137.600000,rcs:15.000000
