timestame:1620902390.045000000,objid:5,type:0,xpos:0.000000,ypos:0.000000,xspeed:9.020000,yspeed:0.130000,angle:1.610000,distense:80.000000,rcs:22.000000
timestame:1620902390.045000000,objid:6,type:0,xpos:0.000000,ypos:0.000000,xspeed:4.510000,yspeed:0.130000,angle:3.370000,distense:34.200000,rcs:26.000000
