timestame:1620902367.170000000,objid:4,type:0,xpos:0.000000,ypos:0.000000,xspeed:-1.170000,yspeed:-0.480000,angle:14.770000,distense:30.400000,rcs:13.000000
timestame:1620902367.170000000,objid:5,type:0,xpos:0.000000,ypos:0.000000,xspeed:14.510000,yspeed:-0.140000,angle:-0.610000,distense:202.400000,rcs:6.000000
timestame:1620902367.170000000,objid:6,type:0,xpos:0.000000,ypos:0.000000,xspeed:-1.480000,yspeed:-0.610000,angle:-18.000000,distense:48.600000,rcs:9.000000
