timestame:1620902391.787000000,objid:2,type:0,xpos:0.000000,ypos:0.000000,xspeed:10.120000,yspeed:-0.020000,angle:1.600000,distense:51.000000,rcs:19.000000
timestame:1620902391.787000000,objid:5,type:0,xpos:0.000000,ypos:0.000000,xspeed:9.840000,yspeed:-0.090000,angle:1.080000,distense:98.000000,rcs:16.000000
