timestame:1620902361.670000000,objid:2,type:0,xpos:0.000000,ypos:0.000000,xspeed:-1.270000,yspeed:-0.070000,angle:-3.860000,distense:73.400000,rcs:9.000000
timestame:1620902361.670000000,objid:5,type:0,xpos:0.000000,ypos:0.000000,xspeed:11.730000,yspeed:-0.210000,angle:-0.500000,distense:121.600000,rcs:13.000000
