timestame:1620902393.835000000,objid:2,type:0,xpos:0.000000,ypos:0.000000,xspeed:10.020000,yspeed:0.080000,angle:1.230000,distense:71.000000,rcs:20.000000
timestame:1620902393.835000000,objid:5,type:0,xpos:0.000000,ypos:0.000000,xspeed:10.090000,yspeed:-0.090000,angle:0.860000,distense:119.000000,rcs:13.000000
