timestame:1620902377.964000000,objid:4,type:0,xpos:0.000000,ypos:0.000000,xspeed:-1.330000,yspeed:0.040000,angle:19.570000,distense:16.600000,rcs:6.000000
timestame:1620902377.964000000,objid:6,type:0,xpos:0.000000,ypos:0.000000,xspeed:-1.230000,yspeed:0.110000,angle:-18.000000,distense:35.600000,rcs:6.000000
timestame:1620902377.964000000,objid:7,type:0,xpos:0.000000,ypos:0.000000,xspeed:-3.820000,yspeed:0.020000,angle:-5.270000,distense:88.600000,rcs:16.000000
timestame:1620902377.964000000,objid:8,type:0,xpos:0.000000,ypos:0.000000,xspeed:2.850000,yspeed:-7.050000,angle:3.180000,distense:57.000000,rcs:12.000000
