timestame:1620902371.254000000,objid:4,type:0,xpos:0.000000,ypos:0.000000,xspeed:-1.250000,yspeed:-0.680000,angle:13.540000,distense:25.200000,rcs:9.000000
timestame:1620902371.254000000,objid:6,type:0,xpos:0.000000,ypos:0.000000,xspeed:-1.320000,yspeed:-0.100000,angle:-18.000000,distense:43.600000,rcs:6.000000
timestame:1620902371.254000000,objid:7,type:0,xpos:0.000000,ypos:0.000000,xspeed:-6.370000,yspeed:-0.430000,angle:-4.230000,distense:115.000000,rcs:12.000000
