timestame:1620902372.247000000,objid:4,type:0,xpos:0.000000,ypos:0.000000,xspeed:-1.410000,yspeed:-0.450000,angle:13.920000,distense:23.800000,rcs:6.000000
timestame:1620902372.247000000,objid:6,type:0,xpos:0.000000,ypos:0.000000,xspeed:-1.180000,yspeed:0.260000,angle:-18.000000,distense:42.400000,rcs:6.000000
timestame:1620902372.247000000,objid:7,type:0,xpos:0.000000,ypos:0.000000,xspeed:-5.730000,yspeed:-0.190000,angle:-4.280000,distense:110.400000,rcs:6.000000
