timestame:1620902392.717000000,objid:2,type:0,xpos:0.000000,ypos:0.000000,xspeed:9.490000,yspeed:-0.180000,angle:1.150000,distense:59.000000,rcs:22.000000
timestame:1620902392.717000000,objid:5,type:0,xpos:0.000000,ypos:0.000000,xspeed:10.060000,yspeed:0.060000,angle:1.140000,distense:107.400000,rcs:18.000000
