timestame:1620902382.676000000,objid:4,type:0,xpos:0.000000,ypos:0.000000,xspeed:-5.200000,yspeed:2.570000,angle:0.670000,distense:55.800000,rcs:15.000000
timestame:1620902382.676000000,objid:7,type:0,xpos:0.000000,ypos:0.000000,xspeed:-5.750000,yspeed:0.060000,angle:-6.820000,distense:64.600000,rcs:6.000000
