timestame:1620902375.480000000,objid:4,type:0,xpos:0.000000,ypos:0.000000,xspeed:-1.270000,yspeed:0.010000,angle:16.540000,distense:19.600000,rcs:6.000000
timestame:1620902375.480000000,objid:6,type:0,xpos:0.000000,ypos:0.000000,xspeed:-1.260000,yspeed:0.160000,angle:-18.000000,distense:38.400000,rcs:6.000000
timestame:1620902375.480000000,objid:7,type:0,xpos:0.000000,ypos:0.000000,xspeed:-4.190000,yspeed:-0.110000,angle:-4.910000,distense:97.600000,rcs:6.000000
