timestame:1620902383.665000000,objid:2,type:0,xpos:0.000000,ypos:0.000000,xspeed:-5.990000,yspeed:1.000000,angle:4.270000,distense:53.000000,rcs:6.000000
timestame:1620902383.665000000,objid:3,type:0,xpos:0.000000,ypos:0.000000,xspeed:1.480000,yspeed:0.080000,angle:4.220000,distense:27.200000,rcs:29.000000
timestame:1620902383.665000000,objid:4,type:0,xpos:0.000000,ypos:0.000000,xspeed:-5.050000,yspeed:3.880000,angle:6.720000,distense:51.200000,rcs:13.000000
timestame:1620902383.665000000,objid:7,type:0,xpos:0.000000,ypos:0.000000,xspeed:-6.750000,yspeed:-0.110000,angle:-8.200000,distense:56.400000,rcs:21.000000
