timestame:1620902388.318000000,objid:5,type:0,xpos:0.000000,ypos:0.000000,xspeed:7.780000,yspeed:-0.050000,angle:1.680000,distense:63.000000,rcs:28.000000
timestame:1620902388.318000000,objid:6,type:0,xpos:0.000000,ypos:0.000000,xspeed:3.070000,yspeed:0.090000,angle:4.230000,distense:25.000000,rcs:22.000000
timestame:1620902388.318000000,objid:7,type:0,xpos:0.000000,ypos:0.000000,xspeed:-8.430000,yspeed:-0.160000,angle:-18.000000,distense:18.800000,rcs:9.000000
