timestame:1620902368.904000000,objid:4,type:0,xpos:0.000000,ypos:0.000000,xspeed:-1.220000,yspeed:-0.390000,angle:14.730000,distense:28.200000,rcs:13.000000
timestame:1620902368.904000000,objid:6,type:0,xpos:0.000000,ypos:0.000000,xspeed:-1.480000,yspeed:-0.330000,angle:-18.000000,distense:46.200000,rcs:6.000000
timestame:1620902368.904000000,objid:7,type:0,xpos:0.000000,ypos:0.000000,xspeed:-7.440000,yspeed:-2.070000,angle:-3.890000,distense:129.600000,rcs:12.000000
