timestame:1620902366.425000000,objid:4,type:0,xpos:0.000000,ypos:0.000000,xspeed:-1.020000,yspeed:-0.720000,angle:14.330000,distense:31.600000,rcs:13.000000
timestame:1620902366.425000000,objid:5,type:0,xpos:0.000000,ypos:0.000000,xspeed:14.440000,yspeed:-0.230000,angle:-0.690000,distense:191.000000,rcs:13.000000
timestame:1620902366.425000000,objid:6,type:0,xpos:0.000000,ypos:0.000000,xspeed:-1.080000,yspeed:0.200000,angle:-17.840000,distense:49.800000,rcs:9.000000
