timestame:1620902384.651000000,objid:4,type:0,xpos:0.000000,ypos:0.000000,xspeed:-4.900000,yspeed:4.050000,angle:12.340000,distense:47.400000,rcs:9.000000
timestame:1620902384.651000000,objid:5,type:0,xpos:0.000000,ypos:0.000000,xspeed:4.630000,yspeed:-0.140000,angle:3.100000,distense:34.400000,rcs:24.000000
timestame:1620902384.651000000,objid:7,type:0,xpos:0.000000,ypos:0.000000,xspeed:-7.410000,yspeed:-0.230000,angle:-9.960000,distense:48.600000,rcs:25.000000
timestame:1620902384.651000000,objid:8,type:0,xpos:0.000000,ypos:0.000000,xspeed:-1.210000,yspeed:3.250000,angle:13.690000,distense:51.000000,rcs:22.000000
