timestame:1620902383.419000000,objid:3,type:0,xpos:0.000000,ypos:0.000000,xspeed:1.230000,yspeed:0.060000,angle:4.240000,distense:26.200000,rcs:27.000000
timestame:1620902383.419000000,objid:4,type:0,xpos:0.000000,ypos:0.000000,xspeed:-5.210000,yspeed:3.360000,angle:4.170000,distense:52.600000,rcs:12.000000
timestame:1620902383.419000000,objid:7,type:0,xpos:0.000000,ypos:0.000000,xspeed:-6.290000,yspeed:-0.020000,angle:-7.570000,distense:59.600000,rcs:15.000000
