timestame:1620902375.727000000,objid:4,type:0,xpos:0.000000,ypos:0.000000,xspeed:-1.260000,yspeed:-0.160000,angle:16.050000,distense:19.400000,rcs:6.000000
timestame:1620902375.727000000,objid:6,type:0,xpos:0.000000,ypos:0.000000,xspeed:-1.230000,yspeed:0.210000,angle:-18.000000,distense:38.000000,rcs:6.000000
timestame:1620902375.727000000,objid:7,type:0,xpos:0.000000,ypos:0.000000,xspeed:-4.200000,yspeed:-0.080000,angle:-4.950000,distense:96.600000,rcs:9.000000
