timestame:1620902393.897000000,objid:2,type:0,xpos:0.000000,ypos:0.000000,xspeed:10.050000,yspeed:0.060000,angle:1.200000,distense:71.800000,rcs:20.000000
timestame:1620902393.897000000,objid:5,type:0,xpos:0.000000,ypos:0.000000,xspeed:10.060000,yspeed:-0.100000,angle:0.840000,distense:119.600000,rcs:15.000000
