timestame:1620902361.855000000,objid:2,type:0,xpos:0.000000,ypos:0.000000,xspeed:-1.120000,yspeed:0.050000,angle:-3.670000,distense:73.600000,rcs:12.000000
timestame:1620902361.855000000,objid:5,type:0,xpos:0.000000,ypos:0.000000,xspeed:11.890000,yspeed:-0.200000,angle:-0.490000,distense:124.000000,rcs:16.000000
