timestame:1620902369.212000000,objid:4,type:0,xpos:0.000000,ypos:0.000000,xspeed:-1.260000,yspeed:-0.170000,angle:15.450000,distense:27.800000,rcs:9.000000
timestame:1620902369.212000000,objid:6,type:0,xpos:0.000000,ypos:0.000000,xspeed:-1.460000,yspeed:-0.230000,angle:-18.000000,distense:45.800000,rcs:6.000000
timestame:1620902369.212000000,objid:7,type:0,xpos:0.000000,ypos:0.000000,xspeed:-7.310000,yspeed:-1.200000,angle:-3.720000,distense:127.600000,rcs:15.000000
