timestame:1620902366.795000000,objid:4,type:0,xpos:0.000000,ypos:0.000000,xspeed:-1.120000,yspeed:-0.460000,angle:14.910000,distense:31.000000,rcs:13.000000
timestame:1620902366.795000000,objid:5,type:0,xpos:0.000000,ypos:0.000000,xspeed:14.500000,yspeed:-0.150000,angle:-0.620000,distense:196.200000,rcs:13.000000
timestame:1620902366.795000000,objid:6,type:0,xpos:0.000000,ypos:0.000000,xspeed:-1.330000,yspeed:-0.260000,angle:-18.000000,distense:49.200000,rcs:9.000000
