timestame:1620902387.762000000,objid:5,type:0,xpos:0.000000,ypos:0.000000,xspeed:7.320000,yspeed:-0.060000,angle:1.850000,distense:58.000000,rcs:30.000000
timestame:1620902387.762000000,objid:6,type:0,xpos:0.000000,ypos:0.000000,xspeed:2.670000,yspeed:0.100000,angle:4.550000,distense:22.600000,rcs:29.000000
timestame:1620902387.762000000,objid:7,type:0,xpos:0.000000,ypos:0.000000,xspeed:-8.470000,yspeed:-0.160000,angle:-18.000000,distense:22.800000,rcs:12.000000
