timestame:1620902370.697000000,objid:4,type:0,xpos:0.000000,ypos:0.000000,xspeed:-1.100000,yspeed:-0.600000,angle:14.150000,distense:26.400000,rcs:9.000000
timestame:1620902370.697000000,objid:6,type:0,xpos:0.000000,ypos:0.000000,xspeed:-1.340000,yspeed:-0.180000,angle:-18.000000,distense:44.200000,rcs:6.000000
timestame:1620902370.697000000,objid:7,type:0,xpos:0.000000,ypos:0.000000,xspeed:-6.700000,yspeed:-0.520000,angle:-4.060000,distense:118.400000,rcs:9.000000
