timestame:1620902388.195000000,objid:5,type:0,xpos:0.000000,ypos:0.000000,xspeed:7.670000,yspeed:-0.060000,angle:1.700000,distense:61.800000,rcs:32.000000
timestame:1620902388.195000000,objid:6,type:0,xpos:0.000000,ypos:0.000000,xspeed:2.980000,yspeed:0.080000,angle:4.250000,distense:24.400000,rcs:20.000000
timestame:1620902388.195000000,objid:7,type:0,xpos:0.000000,ypos:0.000000,xspeed:-8.430000,yspeed:-0.160000,angle:-18.000000,distense:19.600000,rcs:9.000000
