timestame:1620902395.577000000,objid:2,type:0,xpos:0.000000,ypos:0.000000,xspeed:10.940000,yspeed:0.190000,angle:1.220000,distense:91.200000,rcs:16.000000
timestame:1620902395.577000000,objid:5,type:0,xpos:0.000000,ypos:0.000000,xspeed:9.610000,yspeed:0.040000,angle:0.860000,distense:135.400000,rcs:18.000000
