timestame:1620902365.730000000,objid:4,type:0,xpos:0.000000,ypos:0.000000,xspeed:-1.030000,yspeed:-0.680000,angle:14.870000,distense:32.400000,rcs:9.000000
timestame:1620902365.730000000,objid:5,type:0,xpos:0.000000,ypos:0.000000,xspeed:14.440000,yspeed:-0.300000,angle:-0.730000,distense:181.400000,rcs:6.000000
