timestame:1620902368.042000000,objid:4,type:0,xpos:0.000000,ypos:0.000000,xspeed:-1.180000,yspeed:-0.370000,angle:14.900000,distense:29.400000,rcs:13.000000
timestame:1620902368.042000000,objid:5,type:0,xpos:0.000000,ypos:0.000000,xspeed:14.570000,yspeed:-0.120000,angle:-0.590000,distense:214.800000,rcs:6.000000
timestame:1620902368.042000000,objid:6,type:0,xpos:0.000000,ypos:0.000000,xspeed:-1.530000,yspeed:-0.590000,angle:-18.000000,distense:47.400000,rcs:9.000000
timestame:1620902368.042000000,objid:7,type:0,xpos:0.000000,ypos:0.000000,xspeed:-10.020000,yspeed:-10.660000,angle:-3.660000,distense:135.800000,rcs:12.000000
