timestame:1620902396.135000000,objid:2,type:0,xpos:0.000000,ypos:0.000000,xspeed:11.250000,yspeed:0.110000,angle:1.080000,distense:97.800000,rcs:19.000000
timestame:1620902396.135000000,objid:5,type:0,xpos:0.000000,ypos:0.000000,xspeed:9.190000,yspeed:0.070000,angle:0.890000,distense:139.600000,rcs:13.000000
