timestame:1620902366.487000000,objid:4,type:0,xpos:0.000000,ypos:0.000000,xspeed:-1.010000,yspeed:-0.650000,angle:14.460000,distense:31.600000,rcs:9.000000
timestame:1620902366.487000000,objid:5,type:0,xpos:0.000000,ypos:0.000000,xspeed:14.440000,yspeed:-0.180000,angle:-0.650000,distense:191.800000,rcs:12.000000
timestame:1620902366.487000000,objid:6,type:0,xpos:0.000000,ypos:0.000000,xspeed:-1.140000,yspeed:0.000000,angle:-18.000000,distense:49.600000,rcs:9.000000
