timestame:1620902365.853000000,objid:4,type:0,xpos:0.000000,ypos:0.000000,xspeed:-1.040000,yspeed:-0.670000,angle:14.820000,distense:32.200000,rcs:6.000000
timestame:1620902365.853000000,objid:5,type:0,xpos:0.000000,ypos:0.000000,xspeed:14.440000,yspeed:-0.300000,angle:-0.730000,distense:183.200000,rcs:6.000000
