timestame:1620902390.985000000,objid:5,type:0,xpos:0.000000,ypos:0.000000,xspeed:9.490000,yspeed:0.070000,angle:1.410000,distense:89.200000,rcs:26.000000
timestame:1620902390.985000000,objid:6,type:0,xpos:0.000000,ypos:0.000000,xspeed:5.190000,yspeed:-0.040000,angle:2.550000,distense:40.000000,rcs:24.000000
