timestame:1620902379.885000000,objid:2,type:0,xpos:0.000000,ypos:0.000000,xspeed:-1.390000,yspeed:-0.120000,angle:-3.970000,distense:71.400000,rcs:19.000000
timestame:1620902379.885000000,objid:4,type:0,xpos:0.000000,ypos:0.000000,xspeed:1.450000,yspeed:-4.180000,angle:-10.340000,distense:57.800000,rcs:23.000000
timestame:1620902379.885000000,objid:5,type:0,xpos:0.000000,ypos:0.000000,xspeed:-2.840000,yspeed:-3.340000,angle:-14.320000,distense:55.600000,rcs:16.000000
timestame:1620902379.885000000,objid:7,type:0,xpos:0.000000,ypos:0.000000,xspeed:-3.830000,yspeed:0.120000,angle:-5.410000,distense:81.000000,rcs:13.000000
