timestame:1620902394.709000000,objid:2,type:0,xpos:0.000000,ypos:0.000000,xspeed:10.540000,yspeed:0.090000,angle:1.160000,distense:81.400000,rcs:12.000000
timestame:1620902394.709000000,objid:5,type:0,xpos:0.000000,ypos:0.000000,xspeed:9.940000,yspeed:-0.030000,angle:0.840000,distense:127.600000,rcs:20.000000
