timestame:1620902375.850000000,objid:4,type:0,xpos:0.000000,ypos:0.000000,xspeed:-1.310000,yspeed:-0.100000,angle:16.440000,distense:19.200000,rcs:6.000000
timestame:1620902375.850000000,objid:6,type:0,xpos:0.000000,ypos:0.000000,xspeed:-1.230000,yspeed:0.210000,angle:-18.000000,distense:38.000000,rcs:6.000000
timestame:1620902375.850000000,objid:7,type:0,xpos:0.000000,ypos:0.000000,xspeed:-4.150000,yspeed:-0.080000,angle:-4.980000,distense:96.000000,rcs:19.000000
