timestame:1620902375.542000000,objid:4,type:0,xpos:0.000000,ypos:0.000000,xspeed:-1.270000,yspeed:-0.050000,angle:16.330000,distense:19.600000,rcs:6.000000
timestame:1620902375.542000000,objid:6,type:0,xpos:0.000000,ypos:0.000000,xspeed:-1.240000,yspeed:0.150000,angle:-18.000000,distense:38.400000,rcs:9.000000
timestame:1620902375.542000000,objid:7,type:0,xpos:0.000000,ypos:0.000000,xspeed:-4.150000,yspeed:-0.180000,angle:-5.020000,distense:97.400000,rcs:9.000000
