timestame:1620902387.509000000,objid:5,type:0,xpos:0.000000,ypos:0.000000,xspeed:7.130000,yspeed:0.020000,angle:2.050000,distense:55.800000,rcs:27.000000
timestame:1620902387.509000000,objid:6,type:0,xpos:0.000000,ypos:0.000000,xspeed:2.510000,yspeed:0.060000,angle:4.510000,distense:21.600000,rcs:30.000000
timestame:1620902387.509000000,objid:7,type:0,xpos:0.000000,ypos:0.000000,xspeed:-8.310000,yspeed:-0.090000,angle:-18.000000,distense:25.000000,rcs:12.000000
