timestame:1620902372.497000000,objid:4,type:0,xpos:0.000000,ypos:0.000000,xspeed:-1.370000,yspeed:-0.420000,angle:13.900000,distense:23.400000,rcs:9.000000
timestame:1620902372.497000000,objid:6,type:0,xpos:0.000000,ypos:0.000000,xspeed:-1.250000,yspeed:0.200000,angle:-18.000000,distense:42.000000,rcs:6.000000
timestame:1620902372.497000000,objid:7,type:0,xpos:0.000000,ypos:0.000000,xspeed:-5.560000,yspeed:-0.120000,angle:-4.260000,distense:109.400000,rcs:13.000000
