timestame:1620902392.902000000,objid:2,type:0,xpos:0.000000,ypos:0.000000,xspeed:9.540000,yspeed:-0.170000,angle:1.090000,distense:60.800000,rcs:26.000000
timestame:1620902392.902000000,objid:5,type:0,xpos:0.000000,ypos:0.000000,xspeed:10.110000,yspeed:0.080000,angle:1.150000,distense:109.400000,rcs:24.000000
