timestame:1620902386.334000000,objid:3,type:0,xpos:0.000000,ypos:0.000000,xspeed:-1.070000,yspeed:5.510000,angle:-15.220000,distense:53.000000,rcs:6.000000
timestame:1620902386.334000000,objid:5,type:0,xpos:0.000000,ypos:0.000000,xspeed:6.140000,yspeed:0.010000,angle:2.430000,distense:46.000000,rcs:29.000000
timestame:1620902386.334000000,objid:6,type:0,xpos:0.000000,ypos:0.000000,xspeed:1.300000,yspeed:0.160000,angle:5.190000,distense:17.800000,rcs:6.000000
timestame:1620902386.334000000,objid:7,type:0,xpos:0.000000,ypos:0.000000,xspeed:-7.880000,yspeed:-0.110000,angle:-13.950000,distense:35.000000,rcs:20.000000
