timestame:1620902390.924000000,objid:5,type:0,xpos:0.000000,ypos:0.000000,xspeed:9.470000,yspeed:0.080000,angle:1.420000,distense:88.600000,rcs:26.000000
timestame:1620902390.924000000,objid:6,type:0,xpos:0.000000,ypos:0.000000,xspeed:5.190000,yspeed:-0.040000,angle:2.580000,distense:39.800000,rcs:24.000000
