timestame:1620902381.995000000,objid:4,type:0,xpos:0.000000,ypos:0.000000,xspeed:-4.620000,yspeed:2.110000,angle:-1.370000,distense:60.000000,rcs:13.000000
timestame:1620902381.995000000,objid:7,type:0,xpos:0.000000,ypos:0.000000,xspeed:-5.170000,yspeed:0.040000,angle:-6.380000,distense:69.200000,rcs:15.000000
