timestame:1620902388.133000000,objid:5,type:0,xpos:0.000000,ypos:0.000000,xspeed:7.600000,yspeed:-0.070000,angle:1.700000,distense:61.200000,rcs:32.000000
timestame:1620902388.133000000,objid:6,type:0,xpos:0.000000,ypos:0.000000,xspeed:2.910000,yspeed:0.070000,angle:4.240000,distense:24.000000,rcs:28.000000
timestame:1620902388.133000000,objid:7,type:0,xpos:0.000000,ypos:0.000000,xspeed:-8.430000,yspeed:-0.160000,angle:-18.000000,distense:20.200000,rcs:9.000000
