timestame:1620902377.025000000,objid:4,type:0,xpos:0.000000,ypos:0.000000,xspeed:-1.320000,yspeed:-0.110000,angle:17.590000,distense:17.600000,rcs:9.000000
timestame:1620902377.025000000,objid:6,type:0,xpos:0.000000,ypos:0.000000,xspeed:-1.240000,yspeed:0.170000,angle:-18.000000,distense:36.600000,rcs:12.000000
timestame:1620902377.025000000,objid:7,type:0,xpos:0.000000,ypos:0.000000,xspeed:-3.920000,yspeed:0.000000,angle:-5.110000,distense:91.800000,rcs:13.000000
timestame:1620902377.025000000,objid:8,type:0,xpos:0.000000,ypos:0.000000,xspeed:-4.900000,yspeed:3.750000,angle:10.080000,distense:55.200000,rcs:15.000000
