timestame:1620902395.017000000,objid:2,type:0,xpos:0.000000,ypos:0.000000,xspeed:10.700000,yspeed:0.020000,angle:1.040000,distense:84.800000,rcs:9.000000
timestame:1620902395.017000000,objid:5,type:0,xpos:0.000000,ypos:0.000000,xspeed:9.930000,yspeed:0.070000,angle:0.930000,distense:130.600000,rcs:9.000000
