timestame:1620902371.128000000,objid:4,type:0,xpos:0.000000,ypos:0.000000,xspeed:-1.230000,yspeed:-0.690000,angle:13.580000,distense:25.400000,rcs:18.000000
timestame:1620902371.128000000,objid:6,type:0,xpos:0.000000,ypos:0.000000,xspeed:-1.350000,yspeed:-0.120000,angle:-18.000000,distense:43.600000,rcs:6.000000
timestame:1620902371.128000000,objid:7,type:0,xpos:0.000000,ypos:0.000000,xspeed:-6.420000,yspeed:-0.480000,angle:-4.240000,distense:115.600000,rcs:9.000000
