timestame:1620902392.345000000,objid:2,type:0,xpos:0.000000,ypos:0.000000,xspeed:9.460000,yspeed:-0.050000,angle:1.410000,distense:55.600000,rcs:24.000000
timestame:1620902392.345000000,objid:5,type:0,xpos:0.000000,ypos:0.000000,xspeed:9.950000,yspeed:-0.070000,angle:1.030000,distense:103.600000,rcs:13.000000
