timestame:1620902383.542000000,objid:2,type:0,xpos:0.000000,ypos:0.000000,xspeed:-4.670000,yspeed:0.000000,angle:4.010000,distense:54.200000,rcs:15.000000
timestame:1620902383.542000000,objid:3,type:0,xpos:0.000000,ypos:0.000000,xspeed:1.480000,yspeed:0.080000,angle:4.230000,distense:27.000000,rcs:29.000000
timestame:1620902383.542000000,objid:4,type:0,xpos:0.000000,ypos:0.000000,xspeed:-5.160000,yspeed:3.690000,angle:5.520000,distense:51.800000,rcs:16.000000
timestame:1620902383.542000000,objid:7,type:0,xpos:0.000000,ypos:0.000000,xspeed:-6.510000,yspeed:-0.050000,angle:-7.840000,distense:58.000000,rcs:13.000000
