timestame:1620902378.703000000,objid:4,type:0,xpos:0.000000,ypos:0.000000,xspeed:2.220000,yspeed:1.570000,angle:-4.380000,distense:55.600000,rcs:26.000000
timestame:1620902378.703000000,objid:7,type:0,xpos:0.000000,ypos:0.000000,xspeed:-3.690000,yspeed:0.150000,angle:-5.210000,distense:85.800000,rcs:6.000000
