timestame:1620902393.401000000,objid:2,type:0,xpos:0.000000,ypos:0.000000,xspeed:9.790000,yspeed:-0.010000,angle:1.180000,distense:66.400000,rcs:28.000000
timestame:1620902393.401000000,objid:5,type:0,xpos:0.000000,ypos:0.000000,xspeed:10.070000,yspeed:-0.050000,angle:0.960000,distense:114.800000,rcs:12.000000
