timestame:1620902379.146000000,objid:4,type:0,xpos:0.000000,ypos:0.000000,xspeed:1.390000,yspeed:-3.890000,angle:-7.260000,distense:56.200000,rcs:21.000000
timestame:1620902379.146000000,objid:7,type:0,xpos:0.000000,ypos:0.000000,xspeed:-3.740000,yspeed:0.250000,angle:-5.120000,distense:84.200000,rcs:13.000000
