timestame:1620902385.947000000,objid:3,type:0,xpos:0.000000,ypos:0.000000,xspeed:-1.070000,yspeed:5.510000,angle:-17.350000,distense:52.400000,rcs:6.000000
timestame:1620902385.947000000,objid:5,type:0,xpos:0.000000,ypos:0.000000,xspeed:6.050000,yspeed:0.030000,angle:2.590000,distense:43.600000,rcs:19.000000
timestame:1620902385.947000000,objid:6,type:0,xpos:0.000000,ypos:0.000000,xspeed:1.200000,yspeed:-0.980000,angle:4.180000,distense:17.200000,rcs:9.000000
timestame:1620902385.947000000,objid:7,type:0,xpos:0.000000,ypos:0.000000,xspeed:-7.840000,yspeed:-0.210000,angle:-13.060000,distense:38.000000,rcs:16.000000
