timestame:1620902386.146000000,objid:3,type:0,xpos:0.000000,ypos:0.000000,xspeed:-1.070000,yspeed:5.510000,angle:-16.280000,distense:52.600000,rcs:6.000000
timestame:1620902386.146000000,objid:5,type:0,xpos:0.000000,ypos:0.000000,xspeed:6.060000,yspeed:0.030000,angle:2.540000,distense:44.800000,rcs:15.000000
timestame:1620902386.146000000,objid:6,type:0,xpos:0.000000,ypos:0.000000,xspeed:1.440000,yspeed:-0.170000,angle:4.710000,distense:17.600000,rcs:20.000000
timestame:1620902386.146000000,objid:7,type:0,xpos:0.000000,ypos:0.000000,xspeed:-7.880000,yspeed:-0.110000,angle:-13.390000,distense:36.400000,rcs:20.000000
