timestame:1620902368.104000000,objid:4,type:0,xpos:0.000000,ypos:0.000000,xspeed:-1.180000,yspeed:-0.370000,angle:14.900000,distense:29.400000,rcs:13.000000
timestame:1620902368.104000000,objid:5,type:0,xpos:0.000000,ypos:0.000000,xspeed:14.600000,yspeed:-0.080000,angle:-0.560000,distense:215.600000,rcs:6.000000
timestame:1620902368.104000000,objid:6,type:0,xpos:0.000000,ypos:0.000000,xspeed:-1.540000,yspeed:-0.470000,angle:-18.000000,distense:47.200000,rcs:6.000000
timestame:1620902368.104000000,objid:7,type:0,xpos:0.000000,ypos:0.000000,xspeed:-8.720000,yspeed:-6.010000,angle:-3.410000,distense:135.600000,rcs:13.000000
