timestame:1620902382.799000000,objid:4,type:0,xpos:0.000000,ypos:0.000000,xspeed:-5.250000,yspeed:2.640000,angle:1.110000,distense:55.200000,rcs:13.000000
timestame:1620902382.799000000,objid:7,type:0,xpos:0.000000,ypos:0.000000,xspeed:-5.870000,yspeed:-0.020000,angle:-7.060000,distense:63.600000,rcs:6.000000
