timestame:1620902393.272000000,objid:2,type:0,xpos:0.000000,ypos:0.000000,xspeed:9.710000,yspeed:-0.020000,angle:1.200000,distense:65.200000,rcs:20.000000
timestame:1620902393.272000000,objid:5,type:0,xpos:0.000000,ypos:0.000000,xspeed:10.040000,yspeed:-0.040000,angle:0.980000,distense:113.400000,rcs:16.000000
