timestame:1620902396.381000000,objid:2,type:0,xpos:0.000000,ypos:0.000000,xspeed:11.330000,yspeed:0.180000,angle:1.160000,distense:100.600000,rcs:9.000000
timestame:1620902396.381000000,objid:5,type:0,xpos:0.000000,ypos:0.000000,xspeed:8.950000,yspeed:-0.020000,angle:0.790000,distense:141.400000,rcs:12.000000
