timestame:1620902363.972000000,objid:4,type:0,xpos:0.000000,ypos:0.000000,xspeed:-1.010000,yspeed:-1.030000,angle:15.890000,distense:34.400000,rcs:9.000000
timestame:1620902363.972000000,objid:5,type:0,xpos:0.000000,ypos:0.000000,xspeed:13.760000,yspeed:-0.280000,angle:-0.660000,distense:154.600000,rcs:16.000000
