timestame:1620902388.565000000,objid:5,type:0,xpos:0.000000,ypos:0.000000,xspeed:7.960000,yspeed:-0.040000,angle:1.640000,distense:65.200000,rcs:21.000000
timestame:1620902388.565000000,objid:6,type:0,xpos:0.000000,ypos:0.000000,xspeed:3.280000,yspeed:-0.040000,angle:3.690000,distense:26.000000,rcs:15.000000
