timestame:1620902365.976000000,objid:4,type:0,xpos:0.000000,ypos:0.000000,xspeed:-1.050000,yspeed:-0.650000,angle:14.810000,distense:32.000000,rcs:18.000000
timestame:1620902365.976000000,objid:5,type:0,xpos:0.000000,ypos:0.000000,xspeed:14.440000,yspeed:-0.260000,angle:-0.710000,distense:184.800000,rcs:9.000000
