timestame:1620902372.621000000,objid:4,type:0,xpos:0.000000,ypos:0.000000,xspeed:-1.370000,yspeed:-0.440000,angle:13.830000,distense:23.200000,rcs:12.000000
timestame:1620902372.621000000,objid:6,type:0,xpos:0.000000,ypos:0.000000,xspeed:-1.240000,yspeed:0.240000,angle:-18.000000,distense:41.800000,rcs:6.000000
timestame:1620902372.621000000,objid:7,type:0,xpos:0.000000,ypos:0.000000,xspeed:-5.440000,yspeed:-0.150000,angle:-4.320000,distense:108.800000,rcs:9.000000
