timestame:1620902382.737000000,objid:4,type:0,xpos:0.000000,ypos:0.000000,xspeed:-5.240000,yspeed:2.640000,angle:0.940000,distense:55.400000,rcs:23.000000
timestame:1620902382.737000000,objid:7,type:0,xpos:0.000000,ypos:0.000000,xspeed:-5.820000,yspeed:0.060000,angle:-6.880000,distense:64.200000,rcs:22.000000
