timestame:1620902382.924000000,objid:4,type:0,xpos:0.000000,ypos:0.000000,xspeed:-5.270000,yspeed:2.750000,angle:1.630000,distense:54.400000,rcs:20.000000
timestame:1620902382.924000000,objid:7,type:0,xpos:0.000000,ypos:0.000000,xspeed:-5.940000,yspeed:-0.090000,angle:-7.280000,distense:62.800000,rcs:6.000000
