timestame:1620902382.985000000,objid:4,type:0,xpos:0.000000,ypos:0.000000,xspeed:-5.290000,yspeed:2.860000,angle:1.990000,distense:54.200000,rcs:16.000000
timestame:1620902382.985000000,objid:7,type:0,xpos:0.000000,ypos:0.000000,xspeed:-6.020000,yspeed:-0.100000,angle:-7.370000,distense:62.400000,rcs:23.000000
