timestame:1620902363.102000000,objid:5,type:0,xpos:0.000000,ypos:0.000000,xspeed:13.070000,yspeed:-0.290000,angle:-0.620000,distense:142.000000,rcs:6.000000
timestame:1620902363.102000000,objid:6,type:0,xpos:0.000000,ypos:0.000000,xspeed:-1.920000,yspeed:-2.470000,angle:-18.000000,distense:53.400000,rcs:6.000000
