timestame:1620902373.175000000,objid:4,type:0,xpos:0.000000,ypos:0.000000,xspeed:-1.330000,yspeed:-0.370000,angle:13.890000,distense:22.600000,rcs:6.000000
timestame:1620902373.175000000,objid:6,type:0,xpos:0.000000,ypos:0.000000,xspeed:-1.230000,yspeed:0.310000,angle:-18.000000,distense:41.000000,rcs:6.000000
timestame:1620902373.175000000,objid:7,type:0,xpos:0.000000,ypos:0.000000,xspeed:-5.150000,yspeed:0.080000,angle:-4.130000,distense:106.200000,rcs:12.000000
