timestame:1620902363.910000000,objid:5,type:0,xpos:0.000000,ypos:0.000000,xspeed:13.700000,yspeed:-0.290000,angle:-0.660000,distense:153.600000,rcs:15.000000
timestame:1620902363.910000000,objid:6,type:0,xpos:0.000000,ypos:0.000000,xspeed:-1.110000,yspeed:0.760000,angle:-18.000000,distense:52.600000,rcs:9.000000
