timestame:1620902371.752000000,objid:4,type:0,xpos:0.000000,ypos:0.000000,xspeed:-1.350000,yspeed:-0.550000,angle:13.720000,distense:24.400000,rcs:9.000000
timestame:1620902371.752000000,objid:6,type:0,xpos:0.000000,ypos:0.000000,xspeed:-1.220000,yspeed:0.170000,angle:-18.000000,distense:43.000000,rcs:6.000000
timestame:1620902371.752000000,objid:7,type:0,xpos:0.000000,ypos:0.000000,xspeed:-6.170000,yspeed:-0.390000,angle:-4.380000,distense:112.400000,rcs:6.000000
