timestame:1620902386.955000000,objid:5,type:0,xpos:0.000000,ypos:0.000000,xspeed:6.610000,yspeed:0.010000,angle:2.240000,distense:50.800000,rcs:27.000000
timestame:1620902386.955000000,objid:6,type:0,xpos:0.000000,ypos:0.000000,xspeed:1.990000,yspeed:0.340000,angle:5.590000,distense:19.600000,rcs:21.000000
timestame:1620902386.955000000,objid:7,type:0,xpos:0.000000,ypos:0.000000,xspeed:-8.220000,yspeed:-0.140000,angle:-16.570000,distense:29.800000,rcs:15.000000
