timestame:1620902373.052000000,objid:4,type:0,xpos:0.000000,ypos:0.000000,xspeed:-1.280000,yspeed:-0.410000,angle:13.750000,distense:22.800000,rcs:12.000000
timestame:1620902373.052000000,objid:6,type:0,xpos:0.000000,ypos:0.000000,xspeed:-1.210000,yspeed:0.330000,angle:-18.000000,distense:41.200000,rcs:6.000000
timestame:1620902373.052000000,objid:7,type:0,xpos:0.000000,ypos:0.000000,xspeed:-5.190000,yspeed:0.080000,angle:-4.120000,distense:106.800000,rcs:6.000000
