timestame:1620902380.193000000,objid:2,type:0,xpos:0.000000,ypos:0.000000,xspeed:-1.580000,yspeed:-0.130000,angle:-4.060000,distense:70.600000,rcs:21.000000
timestame:1620902380.193000000,objid:5,type:0,xpos:0.000000,ypos:0.000000,xspeed:-2.090000,yspeed:-4.800000,angle:-16.430000,distense:56.000000,rcs:20.000000
timestame:1620902380.193000000,objid:7,type:0,xpos:0.000000,ypos:0.000000,xspeed:-3.920000,yspeed:0.120000,angle:-5.480000,distense:79.600000,rcs:9.000000
