timestame:1620902392.407000000,objid:2,type:0,xpos:0.000000,ypos:0.000000,xspeed:9.500000,yspeed:-0.080000,angle:1.370000,distense:56.200000,rcs:27.000000
timestame:1620902392.407000000,objid:5,type:0,xpos:0.000000,ypos:0.000000,xspeed:9.960000,yspeed:-0.060000,angle:1.040000,distense:104.200000,rcs:22.000000
