timestame:1620902371.690000000,objid:4,type:0,xpos:0.000000,ypos:0.000000,xspeed:-1.350000,yspeed:-0.550000,angle:13.750000,distense:24.600000,rcs:9.000000
timestame:1620902371.690000000,objid:6,type:0,xpos:0.000000,ypos:0.000000,xspeed:-1.240000,yspeed:0.220000,angle:-18.000000,distense:43.000000,rcs:9.000000
timestame:1620902371.690000000,objid:7,type:0,xpos:0.000000,ypos:0.000000,xspeed:-6.240000,yspeed:-0.380000,angle:-4.350000,distense:112.600000,rcs:9.000000
