timestame:1620902389.983000000,objid:5,type:0,xpos:0.000000,ypos:0.000000,xspeed:8.970000,yspeed:0.120000,angle:1.610000,distense:79.400000,rcs:15.000000
timestame:1620902389.983000000,objid:6,type:0,xpos:0.000000,ypos:0.000000,xspeed:4.440000,yspeed:0.150000,angle:3.460000,distense:33.800000,rcs:22.000000
