timestame:1620902387.946000000,objid:5,type:0,xpos:0.000000,ypos:0.000000,xspeed:7.450000,yspeed:-0.080000,angle:1.760000,distense:59.600000,rcs:28.000000
timestame:1620902387.946000000,objid:6,type:0,xpos:0.000000,ypos:0.000000,xspeed:2.770000,yspeed:0.060000,angle:4.320000,distense:23.200000,rcs:30.000000
timestame:1620902387.946000000,objid:7,type:0,xpos:0.000000,ypos:0.000000,xspeed:-8.430000,yspeed:-0.160000,angle:-18.000000,distense:21.400000,rcs:9.000000
