timestame:1620902376.035000000,objid:4,type:0,xpos:0.000000,ypos:0.000000,xspeed:-1.300000,yspeed:-0.060000,angle:16.720000,distense:19.000000,rcs:9.000000
timestame:1620902376.035000000,objid:5,type:0,xpos:0.000000,ypos:0.000000,xspeed:1.150000,yspeed:-4.800000,angle:16.290000,distense:57.600000,rcs:13.000000
timestame:1620902376.035000000,objid:6,type:0,xpos:0.000000,ypos:0.000000,xspeed:-1.220000,yspeed:0.220000,angle:-18.000000,distense:37.800000,rcs:9.000000
timestame:1620902376.035000000,objid:7,type:0,xpos:0.000000,ypos:0.000000,xspeed:-4.080000,yspeed:-0.080000,angle:-5.010000,distense:95.600000,rcs:16.000000
