timestame:1620902383.296000000,objid:3,type:0,xpos:0.000000,ypos:0.000000,xspeed:1.170000,yspeed:0.070000,angle:4.290000,distense:26.000000,rcs:30.000000
timestame:1620902383.296000000,objid:4,type:0,xpos:0.000000,ypos:0.000000,xspeed:-5.250000,yspeed:3.330000,angle:3.880000,distense:52.800000,rcs:13.000000
timestame:1620902383.296000000,objid:7,type:0,xpos:0.000000,ypos:0.000000,xspeed:-6.240000,yspeed:0.020000,angle:-7.440000,distense:60.000000,rcs:6.000000
