timestame:1620902361.793000000,objid:2,type:0,xpos:0.000000,ypos:0.000000,xspeed:-1.120000,yspeed:0.050000,angle:-3.670000,distense:73.600000,rcs:12.000000
timestame:1620902361.793000000,objid:5,type:0,xpos:0.000000,ypos:0.000000,xspeed:11.830000,yspeed:-0.200000,angle:-0.490000,distense:123.200000,rcs:18.000000
