timestame:1620902374.610000000,objid:4,type:0,xpos:0.000000,ypos:0.000000,xspeed:-1.430000,yspeed:-0.110000,angle:15.520000,distense:20.400000,rcs:9.000000
timestame:1620902374.610000000,objid:6,type:0,xpos:0.000000,ypos:0.000000,xspeed:-1.190000,yspeed:0.260000,angle:-18.000000,distense:39.400000,rcs:9.000000
timestame:1620902374.610000000,objid:7,type:0,xpos:0.000000,ypos:0.000000,xspeed:-4.540000,yspeed:-0.260000,angle:-4.920000,distense:100.600000,rcs:16.000000
