timestame:1620902363.356000000,objid:5,type:0,xpos:0.000000,ypos:0.000000,xspeed:13.300000,yspeed:-0.300000,angle:-0.640000,distense:145.600000,rcs:9.000000
timestame:1620902363.356000000,objid:6,type:0,xpos:0.000000,ypos:0.000000,xspeed:-1.620000,yspeed:-2.220000,angle:-18.000000,distense:53.200000,rcs:6.000000
