timestame:1620902371.629000000,objid:4,type:0,xpos:0.000000,ypos:0.000000,xspeed:-1.330000,yspeed:-0.560000,angle:13.730000,distense:24.600000,rcs:15.000000
timestame:1620902371.629000000,objid:6,type:0,xpos:0.000000,ypos:0.000000,xspeed:-1.260000,yspeed:0.150000,angle:-18.000000,distense:43.000000,rcs:12.000000
timestame:1620902371.629000000,objid:7,type:0,xpos:0.000000,ypos:0.000000,xspeed:-6.240000,yspeed:-0.380000,angle:-4.330000,distense:113.000000,rcs:9.000000
