timestame:1620902377.897000000,objid:4,type:0,xpos:0.000000,ypos:0.000000,xspeed:-1.330000,yspeed:0.040000,angle:19.470000,distense:16.600000,rcs:6.000000
timestame:1620902377.897000000,objid:6,type:0,xpos:0.000000,ypos:0.000000,xspeed:-1.230000,yspeed:0.110000,angle:-18.000000,distense:35.600000,rcs:6.000000
timestame:1620902377.897000000,objid:7,type:0,xpos:0.000000,ypos:0.000000,xspeed:-3.810000,yspeed:0.040000,angle:-5.240000,distense:88.800000,rcs:15.000000
timestame:1620902377.897000000,objid:8,type:0,xpos:0.000000,ypos:0.000000,xspeed:2.850000,yspeed:-7.050000,angle:3.610000,distense:56.800000,rcs:12.000000
