timestame:1620902382.242000000,objid:4,type:0,xpos:0.000000,ypos:0.000000,xspeed:-4.990000,yspeed:2.100000,angle:-0.920000,distense:58.200000,rcs:6.000000
timestame:1620902382.242000000,objid:7,type:0,xpos:0.000000,ypos:0.000000,xspeed:-5.430000,yspeed:0.030000,angle:-6.570000,distense:67.600000,rcs:16.000000
