timestame:1620902396.197000000,objid:2,type:0,xpos:0.000000,ypos:0.000000,xspeed:11.260000,yspeed:0.100000,angle:1.070000,distense:98.400000,rcs:19.000000
timestame:1620902396.197000000,objid:5,type:0,xpos:0.000000,ypos:0.000000,xspeed:9.110000,yspeed:0.050000,angle:0.870000,distense:140.000000,rcs:12.000000
