timestame:1620902392.095000000,objid:2,type:0,xpos:0.000000,ypos:0.000000,xspeed:9.610000,yspeed:-0.190000,angle:1.360000,distense:53.400000,rcs:23.000000
timestame:1620902392.095000000,objid:5,type:0,xpos:0.000000,ypos:0.000000,xspeed:9.900000,yspeed:-0.080000,angle:1.050000,distense:101.200000,rcs:22.000000
