timestame:1620902391.971000000,objid:2,type:0,xpos:0.000000,ypos:0.000000,xspeed:9.640000,yspeed:-0.090000,angle:1.500000,distense:52.400000,rcs:12.000000
timestame:1620902391.971000000,objid:5,type:0,xpos:0.000000,ypos:0.000000,xspeed:9.880000,yspeed:-0.080000,angle:1.060000,distense:99.800000,rcs:19.000000
