timestame:1620902371.315000000,objid:4,type:0,xpos:0.000000,ypos:0.000000,xspeed:-1.250000,yspeed:-0.670000,angle:13.510000,distense:25.200000,rcs:9.000000
timestame:1620902371.315000000,objid:6,type:0,xpos:0.000000,ypos:0.000000,xspeed:-1.280000,yspeed:-0.020000,angle:-18.000000,distense:43.400000,rcs:12.000000
timestame:1620902371.315000000,objid:7,type:0,xpos:0.000000,ypos:0.000000,xspeed:-6.330000,yspeed:-0.430000,angle:-4.260000,distense:114.800000,rcs:12.000000
