timestame:1620902383.480000000,objid:3,type:0,xpos:0.000000,ypos:0.000000,xspeed:1.400000,yspeed:0.100000,angle:4.330000,distense:26.800000,rcs:29.000000
timestame:1620902383.480000000,objid:4,type:0,xpos:0.000000,ypos:0.000000,xspeed:-5.170000,yspeed:3.550000,angle:5.000000,distense:52.000000,rcs:12.000000
timestame:1620902383.480000000,objid:7,type:0,xpos:0.000000,ypos:0.000000,xspeed:-6.440000,yspeed:-0.030000,angle:-7.730000,distense:58.600000,rcs:18.000000
