timestame:1620902377.404000000,objid:4,type:0,xpos:0.000000,ypos:0.000000,xspeed:-1.360000,yspeed:0.050000,angle:18.790000,distense:17.200000,rcs:6.000000
timestame:1620902377.404000000,objid:6,type:0,xpos:0.000000,ypos:0.000000,xspeed:-1.250000,yspeed:0.090000,angle:-18.000000,distense:36.200000,rcs:6.000000
timestame:1620902377.404000000,objid:7,type:0,xpos:0.000000,ypos:0.000000,xspeed:-3.850000,yspeed:-0.060000,angle:-5.270000,distense:90.600000,rcs:18.000000
timestame:1620902377.404000000,objid:8,type:0,xpos:0.000000,ypos:0.000000,xspeed:1.110000,yspeed:-6.490000,angle:7.510000,distense:55.800000,rcs:9.000000
