timestame:1620902377.281000000,objid:4,type:0,xpos:0.000000,ypos:0.000000,xspeed:-1.370000,yspeed:0.040000,angle:18.550000,distense:17.200000,rcs:6.000000
timestame:1620902377.281000000,objid:6,type:0,xpos:0.000000,ypos:0.000000,xspeed:-1.250000,yspeed:0.090000,angle:-18.000000,distense:36.200000,rcs:6.000000
timestame:1620902377.281000000,objid:7,type:0,xpos:0.000000,ypos:0.000000,xspeed:-3.870000,yspeed:-0.060000,angle:-5.250000,distense:91.000000,rcs:19.000000
timestame:1620902377.281000000,objid:8,type:0,xpos:0.000000,ypos:0.000000,xspeed:-2.210000,yspeed:-4.240000,angle:8.920000,distense:54.800000,rcs:20.000000
