timestame:1620902381.687000000,objid:4,type:0,xpos:0.000000,ypos:0.000000,xspeed:-4.550000,yspeed:1.480000,angle:-2.410000,distense:61.400000,rcs:12.000000
timestame:1620902381.687000000,objid:7,type:0,xpos:0.000000,ypos:0.000000,xspeed:-4.840000,yspeed:0.110000,angle:-6.090000,distense:71.400000,rcs:6.000000
