timestame:1620902361.978000000,objid:2,type:0,xpos:0.000000,ypos:0.000000,xspeed:-1.120000,yspeed:0.050000,angle:-3.670000,distense:73.400000,rcs:12.000000
timestame:1620902361.978000000,objid:5,type:0,xpos:0.000000,ypos:0.000000,xspeed:11.910000,yspeed:-0.210000,angle:-0.510000,distense:125.400000,rcs:12.000000
