timestame:1620902367.045000000,objid:4,type:0,xpos:0.000000,ypos:0.000000,xspeed:-1.090000,yspeed:-0.470000,angle:14.810000,distense:30.800000,rcs:16.000000
timestame:1620902367.045000000,objid:5,type:0,xpos:0.000000,ypos:0.000000,xspeed:14.500000,yspeed:-0.140000,angle:-0.610000,distense:199.800000,rcs:6.000000
timestame:1620902367.045000000,objid:6,type:0,xpos:0.000000,ypos:0.000000,xspeed:-1.430000,yspeed:-0.450000,angle:-18.000000,distense:48.800000,rcs:6.000000
