timestame:1620902381.246000000,objid:4,type:0,xpos:0.000000,ypos:0.000000,xspeed:-4.330000,yspeed:1.030000,angle:-3.130000,distense:63.800000,rcs:6.000000
timestame:1620902381.246000000,objid:5,type:0,xpos:0.000000,ypos:0.000000,xspeed:-1.050000,yspeed:-6.810000,angle:-18.000000,distense:58.600000,rcs:6.000000
timestame:1620902381.246000000,objid:7,type:0,xpos:0.000000,ypos:0.000000,xspeed:-4.560000,yspeed:-0.020000,angle:-6.090000,distense:74.200000,rcs:16.000000
