timestame:1620902394.770000000,objid:2,type:0,xpos:0.000000,ypos:0.000000,xspeed:10.540000,yspeed:0.120000,angle:1.190000,distense:82.000000,rcs:9.000000
timestame:1620902394.770000000,objid:5,type:0,xpos:0.000000,ypos:0.000000,xspeed:9.920000,yspeed:-0.020000,angle:0.840000,distense:128.200000,rcs:20.000000
