timestame:1620902396.875000000,objid:2,type:0,xpos:0.000000,ypos:0.000000,xspeed:11.470000,yspeed:-0.080000,angle:0.810000,distense:107.000000,rcs:9.000000
timestame:1620902396.875000000,objid:5,type:0,xpos:0.000000,ypos:0.000000,xspeed:8.680000,yspeed:0.080000,angle:0.870000,distense:145.600000,rcs:9.000000
