timestame:1620902395.827000000,objid:2,type:0,xpos:0.000000,ypos:0.000000,xspeed:11.070000,yspeed:0.150000,angle:1.150000,distense:94.000000,rcs:13.000000
timestame:1620902395.827000000,objid:5,type:0,xpos:0.000000,ypos:0.000000,xspeed:9.420000,yspeed:0.050000,angle:0.870000,distense:137.200000,rcs:18.000000
