timestame:1620902380.439000000,objid:2,type:0,xpos:0.000000,ypos:0.000000,xspeed:-1.790000,yspeed:-0.060000,angle:-4.020000,distense:69.800000,rcs:27.000000
timestame:1620902380.439000000,objid:5,type:0,xpos:0.000000,ypos:0.000000,xspeed:-1.510000,yspeed:-6.130000,angle:-18.000000,distense:56.800000,rcs:16.000000
timestame:1620902380.439000000,objid:7,type:0,xpos:0.000000,ypos:0.000000,xspeed:-4.090000,yspeed:0.070000,angle:-5.620000,distense:78.400000,rcs:19.000000
