timestame:1620902367.978000000,objid:4,type:0,xpos:0.000000,ypos:0.000000,xspeed:-1.170000,yspeed:-0.340000,angle:14.990000,distense:29.600000,rcs:20.000000
timestame:1620902367.978000000,objid:5,type:0,xpos:0.000000,ypos:0.000000,xspeed:14.570000,yspeed:-0.120000,angle:-0.590000,distense:213.800000,rcs:6.000000
timestame:1620902367.978000000,objid:6,type:0,xpos:0.000000,ypos:0.000000,xspeed:-1.530000,yspeed:-0.590000,angle:-18.000000,distense:47.600000,rcs:9.000000
timestame:1620902367.978000000,objid:7,type:0,xpos:0.000000,ypos:0.000000,xspeed:-9.300000,yspeed:-11.410000,angle:-3.410000,distense:136.400000,rcs:12.000000
