timestame:1620902381.307000000,objid:4,type:0,xpos:0.000000,ypos:0.000000,xspeed:-4.630000,yspeed:0.960000,angle:-3.120000,distense:63.400000,rcs:9.000000
timestame:1620902381.307000000,objid:5,type:0,xpos:0.000000,ypos:0.000000,xspeed:-1.050000,yspeed:-6.810000,angle:-18.000000,distense:58.600000,rcs:6.000000
timestame:1620902381.307000000,objid:7,type:0,xpos:0.000000,ypos:0.000000,xspeed:-4.610000,yspeed:0.130000,angle:-5.890000,distense:73.800000,rcs:6.000000
