timestame:1620902378.149000000,objid:6,type:0,xpos:0.000000,ypos:0.000000,xspeed:-1.230000,yspeed:0.110000,angle:-18.000000,distense:35.200000,rcs:6.000000
timestame:1620902378.149000000,objid:7,type:0,xpos:0.000000,ypos:0.000000,xspeed:-3.790000,yspeed:-0.040000,angle:-5.420000,distense:87.600000,rcs:12.000000
timestame:1620902378.149000000,objid:8,type:0,xpos:0.000000,ypos:0.000000,xspeed:2.850000,yspeed:-7.050000,angle:1.460000,distense:57.600000,rcs:12.000000
