timestame:1620902373.237000000,objid:4,type:0,xpos:0.000000,ypos:0.000000,xspeed:-1.350000,yspeed:-0.330000,angle:14.040000,distense:22.400000,rcs:18.000000
timestame:1620902373.237000000,objid:6,type:0,xpos:0.000000,ypos:0.000000,xspeed:-1.240000,yspeed:0.330000,angle:-18.000000,distense:41.000000,rcs:6.000000
timestame:1620902373.237000000,objid:7,type:0,xpos:0.000000,ypos:0.000000,xspeed:-5.110000,yspeed:0.070000,angle:-4.150000,distense:106.000000,rcs:16.000000
