timestame:1620902381.934000000,objid:4,type:0,xpos:0.000000,ypos:0.000000,xspeed:-4.640000,yspeed:2.090000,angle:-1.510000,distense:60.200000,rcs:12.000000
timestame:1620902381.934000000,objid:7,type:0,xpos:0.000000,ypos:0.000000,xspeed:-5.090000,yspeed:0.050000,angle:-6.320000,distense:69.800000,rcs:16.000000
