timestame:1620902378.826000000,objid:4,type:0,xpos:0.000000,ypos:0.000000,xspeed:2.050000,yspeed:-2.000000,angle:-5.470000,distense:55.800000,rcs:20.000000
timestame:1620902378.826000000,objid:7,type:0,xpos:0.000000,ypos:0.000000,xspeed:-3.740000,yspeed:0.170000,angle:-5.210000,distense:85.200000,rcs:9.000000
