timestame:1620902388.070000000,objid:5,type:0,xpos:0.000000,ypos:0.000000,xspeed:7.540000,yspeed:-0.080000,angle:1.710000,distense:60.600000,rcs:28.000000
timestame:1620902388.070000000,objid:6,type:0,xpos:0.000000,ypos:0.000000,xspeed:2.880000,yspeed:0.060000,angle:4.260000,distense:23.800000,rcs:26.000000
timestame:1620902388.070000000,objid:7,type:0,xpos:0.000000,ypos:0.000000,xspeed:-8.430000,yspeed:-0.160000,angle:-18.000000,distense:20.600000,rcs:9.000000
