timestame:1620902382.860000000,objid:4,type:0,xpos:0.000000,ypos:0.000000,xspeed:-5.240000,yspeed:2.670000,angle:1.320000,distense:54.800000,rcs:12.000000
timestame:1620902382.860000000,objid:7,type:0,xpos:0.000000,ypos:0.000000,xspeed:-5.870000,yspeed:-0.020000,angle:-7.100000,distense:63.400000,rcs:6.000000
