timestame:1620902378.894000000,objid:4,type:0,xpos:0.000000,ypos:0.000000,xspeed:1.820000,yspeed:-3.030000,angle:-6.010000,distense:55.800000,rcs:15.000000
timestame:1620902378.894000000,objid:7,type:0,xpos:0.000000,ypos:0.000000,xspeed:-3.760000,yspeed:0.180000,angle:-5.210000,distense:85.000000,rcs:9.000000
