timestame:1620902392.594000000,objid:2,type:0,xpos:0.000000,ypos:0.000000,xspeed:9.450000,yspeed:-0.130000,angle:1.250000,distense:57.800000,rcs:22.000000
timestame:1620902392.594000000,objid:5,type:0,xpos:0.000000,ypos:0.000000,xspeed:10.040000,yspeed:0.010000,angle:1.100000,distense:106.200000,rcs:18.000000
