timestame:1620902394.832000000,objid:2,type:0,xpos:0.000000,ypos:0.000000,xspeed:10.560000,yspeed:0.100000,angle:1.170000,distense:82.600000,rcs:12.000000
timestame:1620902394.832000000,objid:5,type:0,xpos:0.000000,ypos:0.000000,xspeed:9.920000,yspeed:0.010000,angle:0.880000,distense:128.800000,rcs:13.000000
