timestame:1620902373.114000000,objid:4,type:0,xpos:0.000000,ypos:0.000000,xspeed:-1.300000,yspeed:-0.390000,angle:13.800000,distense:22.600000,rcs:12.000000
timestame:1620902373.114000000,objid:6,type:0,xpos:0.000000,ypos:0.000000,xspeed:-1.210000,yspeed:0.330000,angle:-18.000000,distense:41.200000,rcs:6.000000
timestame:1620902373.114000000,objid:7,type:0,xpos:0.000000,ypos:0.000000,xspeed:-5.170000,yspeed:0.090000,angle:-4.110000,distense:106.600000,rcs:12.000000
