timestame:1620902367.108000000,objid:4,type:0,xpos:0.000000,ypos:0.000000,xspeed:-1.150000,yspeed:-0.490000,angle:14.760000,distense:30.600000,rcs:13.000000
timestame:1620902367.108000000,objid:5,type:0,xpos:0.000000,ypos:0.000000,xspeed:14.500000,yspeed:-0.140000,angle:-0.610000,distense:201.400000,rcs:6.000000
timestame:1620902367.108000000,objid:6,type:0,xpos:0.000000,ypos:0.000000,xspeed:-1.460000,yspeed:-0.520000,angle:-18.000000,distense:48.600000,rcs:6.000000
