timestame:1620902386.268000000,objid:3,type:0,xpos:0.000000,ypos:0.000000,xspeed:-1.070000,yspeed:5.510000,angle:-15.570000,distense:52.800000,rcs:6.000000
timestame:1620902386.268000000,objid:5,type:0,xpos:0.000000,ypos:0.000000,xspeed:6.120000,yspeed:0.010000,angle:2.460000,distense:45.600000,rcs:27.000000
timestame:1620902386.268000000,objid:6,type:0,xpos:0.000000,ypos:0.000000,xspeed:1.360000,yspeed:0.000000,angle:4.900000,distense:17.800000,rcs:20.000000
timestame:1620902386.268000000,objid:7,type:0,xpos:0.000000,ypos:0.000000,xspeed:-7.840000,yspeed:-0.100000,angle:-13.710000,distense:35.600000,rcs:12.000000
