timestame:1620902379.577000000,objid:2,type:0,xpos:0.000000,ypos:0.000000,xspeed:-1.030000,yspeed:-0.230000,angle:-4.030000,distense:72.600000,rcs:16.000000
timestame:1620902379.577000000,objid:4,type:0,xpos:0.000000,ypos:0.000000,xspeed:1.450000,yspeed:-4.180000,angle:-8.950000,distense:57.000000,rcs:23.000000
timestame:1620902379.577000000,objid:5,type:0,xpos:0.000000,ypos:0.000000,xspeed:-8.050000,yspeed:3.310000,angle:-12.070000,distense:54.600000,rcs:26.000000
timestame:1620902379.577000000,objid:7,type:0,xpos:0.000000,ypos:0.000000,xspeed:-3.740000,yspeed:0.210000,angle:-5.210000,distense:82.600000,rcs:15.000000
