timestame:1620902384.836000000,objid:5,type:0,xpos:0.000000,ypos:0.000000,xspeed:4.980000,yspeed:-0.120000,angle:2.970000,distense:35.800000,rcs:26.000000
timestame:1620902384.836000000,objid:7,type:0,xpos:0.000000,ypos:0.000000,xspeed:-7.520000,yspeed:-0.300000,angle:-10.490000,distense:47.000000,rcs:19.000000
