timestame:1620902388.441000000,objid:5,type:0,xpos:0.000000,ypos:0.000000,xspeed:7.880000,yspeed:-0.050000,angle:1.640000,distense:64.000000,rcs:23.000000
timestame:1620902388.441000000,objid:6,type:0,xpos:0.000000,ypos:0.000000,xspeed:3.210000,yspeed:0.050000,angle:4.010000,distense:25.600000,rcs:25.000000
timestame:1620902388.441000000,objid:7,type:0,xpos:0.000000,ypos:0.000000,xspeed:-8.430000,yspeed:-0.160000,angle:-18.000000,distense:17.800000,rcs:9.000000
