timestame:1620902390.236000000,objid:5,type:0,xpos:0.000000,ypos:0.000000,xspeed:9.170000,yspeed:0.060000,angle:1.480000,distense:81.800000,rcs:15.000000
timestame:1620902390.236000000,objid:6,type:0,xpos:0.000000,ypos:0.000000,xspeed:4.690000,yspeed:0.060000,angle:3.140000,distense:35.400000,rcs:26.000000
