timestame:1620902377.466000000,objid:4,type:0,xpos:0.000000,ypos:0.000000,xspeed:-1.360000,yspeed:0.070000,angle:18.960000,distense:17.000000,rcs:9.000000
timestame:1620902377.466000000,objid:6,type:0,xpos:0.000000,ypos:0.000000,xspeed:-1.250000,yspeed:0.090000,angle:-18.000000,distense:36.000000,rcs:6.000000
timestame:1620902377.466000000,objid:7,type:0,xpos:0.000000,ypos:0.000000,xspeed:-3.840000,yspeed:-0.020000,angle:-5.230000,distense:90.200000,rcs:20.000000
timestame:1620902377.466000000,objid:8,type:0,xpos:0.000000,ypos:0.000000,xspeed:1.110000,yspeed:-7.700000,angle:6.740000,distense:55.800000,rcs:19.000000
