timestame:1620902379.391000000,objid:4,type:0,xpos:0.000000,ypos:0.000000,xspeed:1.450000,yspeed:-4.180000,angle:-8.250000,distense:56.800000,rcs:23.000000
timestame:1620902379.391000000,objid:5,type:0,xpos:0.000000,ypos:0.000000,xspeed:1.160000,yspeed:0.000000,angle:-12.250000,distense:57.400000,rcs:16.000000
timestame:1620902379.391000000,objid:7,type:0,xpos:0.000000,ypos:0.000000,xspeed:-3.750000,yspeed:0.210000,angle:-5.200000,distense:83.200000,rcs:12.000000
