timestame:1620902389.365000000,objid:5,type:0,xpos:0.000000,ypos:0.000000,xspeed:8.620000,yspeed:0.070000,angle:1.610000,distense:73.400000,rcs:24.000000
timestame:1620902389.365000000,objid:6,type:0,xpos:0.000000,ypos:0.000000,xspeed:3.950000,yspeed:0.020000,angle:3.320000,distense:30.400000,rcs:27.000000
