timestame:1620902387.078000000,objid:5,type:0,xpos:0.000000,ypos:0.000000,xspeed:6.700000,yspeed:-0.010000,angle:2.170000,distense:51.800000,rcs:22.000000
timestame:1620902387.078000000,objid:6,type:0,xpos:0.000000,ypos:0.000000,xspeed:2.060000,yspeed:0.200000,angle:5.190000,distense:19.800000,rcs:22.000000
timestame:1620902387.078000000,objid:7,type:0,xpos:0.000000,ypos:0.000000,xspeed:-8.290000,yspeed:-0.160000,angle:-17.280000,distense:28.800000,rcs:16.000000
