timestame:1620902391.910000000,objid:2,type:0,xpos:0.000000,ypos:0.000000,xspeed:9.820000,yspeed:0.020000,angle:1.600000,distense:52.000000,rcs:19.000000
timestame:1620902391.910000000,objid:5,type:0,xpos:0.000000,ypos:0.000000,xspeed:9.850000,yspeed:-0.060000,angle:1.090000,distense:99.200000,rcs:19.000000
