timestame:1620902369.274000000,objid:4,type:0,xpos:0.000000,ypos:0.000000,xspeed:-1.200000,yspeed:-0.160000,angle:15.420000,distense:28.000000,rcs:6.000000
timestame:1620902369.274000000,objid:6,type:0,xpos:0.000000,ypos:0.000000,xspeed:-1.450000,yspeed:-0.200000,angle:-18.000000,distense:45.800000,rcs:9.000000
timestame:1620902369.274000000,objid:7,type:0,xpos:0.000000,ypos:0.000000,xspeed:-7.310000,yspeed:-1.130000,angle:-3.720000,distense:127.200000,rcs:13.000000
