timestame:1620902374.425000000,objid:4,type:0,xpos:0.000000,ypos:0.000000,xspeed:-1.430000,yspeed:-0.140000,angle:15.260000,distense:20.800000,rcs:9.000000
timestame:1620902374.425000000,objid:6,type:0,xpos:0.000000,ypos:0.000000,xspeed:-1.210000,yspeed:0.300000,angle:-18.000000,distense:39.600000,rcs:6.000000
timestame:1620902374.425000000,objid:7,type:0,xpos:0.000000,ypos:0.000000,xspeed:-4.640000,yspeed:-0.270000,angle:-4.870000,distense:101.200000,rcs:12.000000
