timestame:1620902397.121000000,objid:2,type:0,xpos:0.000000,ypos:0.000000,xspeed:11.500000,yspeed:0.010000,angle:0.890000,distense:109.800000,rcs:12.000000
timestame:1620902397.121000000,objid:5,type:0,xpos:0.000000,ypos:0.000000,xspeed:8.680000,yspeed:0.080000,angle:0.870000,distense:147.600000,rcs:9.000000
