timestame:1620902391.109000000,objid:2,type:0,xpos:0.000000,ypos:0.000000,xspeed:10.810000,yspeed:0.250000,angle:1.820000,distense:44.600000,rcs:16.000000
timestame:1620902391.109000000,objid:5,type:0,xpos:0.000000,ypos:0.000000,xspeed:9.580000,yspeed:0.040000,angle:1.350000,distense:91.200000,rcs:24.000000
timestame:1620902391.109000000,objid:6,type:0,xpos:0.000000,ypos:0.000000,xspeed:5.190000,yspeed:-0.040000,angle:2.490000,distense:41.000000,rcs:24.000000
