timestame:1620902392.963000000,objid:2,type:0,xpos:0.000000,ypos:0.000000,xspeed:9.540000,yspeed:-0.180000,angle:1.070000,distense:61.400000,rcs:20.000000
timestame:1620902392.963000000,objid:5,type:0,xpos:0.000000,ypos:0.000000,xspeed:10.130000,yspeed:0.040000,angle:1.100000,distense:110.000000,rcs:12.000000
