timestame:1620902385.454000000,objid:5,type:0,xpos:0.000000,ypos:0.000000,xspeed:5.600000,yspeed:-0.050000,angle:2.710000,distense:39.800000,rcs:29.000000
timestame:1620902385.454000000,objid:7,type:0,xpos:0.000000,ypos:0.000000,xspeed:-7.630000,yspeed:-0.110000,angle:-11.370000,distense:42.400000,rcs:22.000000
