timestame:1620902372.060000000,objid:4,type:0,xpos:0.000000,ypos:0.000000,xspeed:-1.370000,yspeed:-0.530000,angle:13.680000,distense:24.000000,rcs:16.000000
timestame:1620902372.060000000,objid:6,type:0,xpos:0.000000,ypos:0.000000,xspeed:-1.210000,yspeed:0.150000,angle:-18.000000,distense:42.600000,rcs:6.000000
timestame:1620902372.060000000,objid:7,type:0,xpos:0.000000,ypos:0.000000,xspeed:-5.850000,yspeed:-0.320000,angle:-4.390000,distense:111.200000,rcs:15.000000
