timestame:1620902387.140000000,objid:5,type:0,xpos:0.000000,ypos:0.000000,xspeed:6.760000,yspeed:-0.010000,angle:2.140000,distense:52.200000,rcs:27.000000
timestame:1620902387.140000000,objid:6,type:0,xpos:0.000000,ypos:0.000000,xspeed:2.030000,yspeed:0.140000,angle:5.040000,distense:20.000000,rcs:15.000000
timestame:1620902387.140000000,objid:7,type:0,xpos:0.000000,ypos:0.000000,xspeed:-8.210000,yspeed:-0.080000,angle:-17.280000,distense:28.400000,rcs:13.000000
