timestame:1620902396.751000000,objid:2,type:0,xpos:0.000000,ypos:0.000000,xspeed:11.430000,yspeed:0.020000,angle:0.940000,distense:105.600000,rcs:13.000000
timestame:1620902396.751000000,objid:5,type:0,xpos:0.000000,ypos:0.000000,xspeed:8.680000,yspeed:0.080000,angle:0.880000,distense:144.600000,rcs:9.000000
