timestame:1620902370.882000000,objid:4,type:0,xpos:0.000000,ypos:0.000000,xspeed:-1.080000,yspeed:-0.710000,angle:13.680000,distense:26.200000,rcs:9.000000
timestame:1620902370.882000000,objid:6,type:0,xpos:0.000000,ypos:0.000000,xspeed:-1.340000,yspeed:-0.130000,angle:-18.000000,distense:44.000000,rcs:6.000000
timestame:1620902370.882000000,objid:7,type:0,xpos:0.000000,ypos:0.000000,xspeed:-6.560000,yspeed:-0.600000,angle:-4.230000,distense:117.400000,rcs:9.000000
