timestame:1620902367.540000000,objid:4,type:0,xpos:0.000000,ypos:0.000000,xspeed:-1.210000,yspeed:-0.460000,angle:14.760000,distense:30.000000,rcs:13.000000
timestame:1620902367.540000000,objid:5,type:0,xpos:0.000000,ypos:0.000000,xspeed:14.570000,yspeed:-0.120000,angle:-0.600000,distense:207.800000,rcs:6.000000
timestame:1620902367.540000000,objid:6,type:0,xpos:0.000000,ypos:0.000000,xspeed:-1.460000,yspeed:-0.600000,angle:-18.000000,distense:48.200000,rcs:6.000000
