timestame:1620902381.749000000,objid:4,type:0,xpos:0.000000,ypos:0.000000,xspeed:-4.570000,yspeed:1.870000,angle:-2.020000,distense:61.000000,rcs:6.000000
timestame:1620902381.749000000,objid:7,type:0,xpos:0.000000,ypos:0.000000,xspeed:-4.910000,yspeed:0.110000,angle:-6.140000,distense:71.000000,rcs:18.000000
