timestame:1620902389.737000000,objid:5,type:0,xpos:0.000000,ypos:0.000000,xspeed:8.870000,yspeed:0.120000,angle:1.630000,distense:77.000000,rcs:22.000000
timestame:1620902389.737000000,objid:6,type:0,xpos:0.000000,ypos:0.000000,xspeed:4.240000,yspeed:0.180000,angle:3.590000,distense:32.400000,rcs:26.000000
