timestame:1620902376.717000000,objid:4,type:0,xpos:0.000000,ypos:0.000000,xspeed:-1.280000,yspeed:-0.040000,angle:17.500000,distense:18.000000,rcs:12.000000
timestame:1620902376.717000000,objid:6,type:0,xpos:0.000000,ypos:0.000000,xspeed:-1.240000,yspeed:0.170000,angle:-18.000000,distense:36.800000,rcs:12.000000
timestame:1620902376.717000000,objid:7,type:0,xpos:0.000000,ypos:0.000000,xspeed:-3.930000,yspeed:0.060000,angle:-4.960000,distense:92.800000,rcs:16.000000
