timestame:1620902362.665000000,objid:5,type:0,xpos:0.000000,ypos:0.000000,xspeed:12.670000,yspeed:-0.250000,angle:-0.560000,distense:135.800000,rcs:19.000000
timestame:1620902362.665000000,objid:6,type:0,xpos:0.000000,ypos:0.000000,xspeed:2.130000,yspeed:-3.310000,angle:-18.000000,distense:54.600000,rcs:6.000000
