timestame:1620902388.257000000,objid:5,type:0,xpos:0.000000,ypos:0.000000,xspeed:7.710000,yspeed:-0.050000,angle:1.700000,distense:62.400000,rcs:33.000000
timestame:1620902388.257000000,objid:6,type:0,xpos:0.000000,ypos:0.000000,xspeed:3.030000,yspeed:0.070000,angle:4.180000,distense:24.600000,rcs:23.000000
timestame:1620902388.257000000,objid:7,type:0,xpos:0.000000,ypos:0.000000,xspeed:-8.430000,yspeed:-0.160000,angle:-18.000000,distense:19.200000,rcs:9.000000
