timestame:1620902386.647000000,objid:5,type:0,xpos:0.000000,ypos:0.000000,xspeed:6.400000,yspeed:0.120000,angle:2.550000,distense:48.400000,rcs:25.000000
timestame:1620902386.647000000,objid:6,type:0,xpos:0.000000,ypos:0.000000,xspeed:1.680000,yspeed:0.280000,angle:5.400000,distense:18.600000,rcs:13.000000
timestame:1620902386.647000000,objid:7,type:0,xpos:0.000000,ypos:0.000000,xspeed:-8.010000,yspeed:0.000000,angle:-14.780000,distense:32.400000,rcs:16.000000
