timestame:1620902370.383000000,objid:4,type:0,xpos:0.000000,ypos:0.000000,xspeed:-1.050000,yspeed:-0.460000,angle:14.690000,distense:26.800000,rcs:9.000000
timestame:1620902370.383000000,objid:5,type:0,xpos:0.000000,ypos:0.000000,xspeed:17.190000,yspeed:0.000000,angle:11.490000,distense:35.200000,rcs:9.000000
timestame:1620902370.383000000,objid:6,type:0,xpos:0.000000,ypos:0.000000,xspeed:-1.320000,yspeed:-0.080000,angle:-18.000000,distense:44.600000,rcs:6.000000
timestame:1620902370.383000000,objid:7,type:0,xpos:0.000000,ypos:0.000000,xspeed:-6.830000,yspeed:-0.660000,angle:-4.050000,distense:120.200000,rcs:9.000000
