timestame:1620902377.219000000,objid:4,type:0,xpos:0.000000,ypos:0.000000,xspeed:-1.350000,yspeed:-0.030000,angle:18.150000,distense:17.400000,rcs:6.000000
timestame:1620902377.219000000,objid:6,type:0,xpos:0.000000,ypos:0.000000,xspeed:-1.250000,yspeed:0.090000,angle:-18.000000,distense:36.400000,rcs:6.000000
timestame:1620902377.219000000,objid:7,type:0,xpos:0.000000,ypos:0.000000,xspeed:-3.890000,yspeed:-0.080000,angle:-5.260000,distense:91.200000,rcs:15.000000
timestame:1620902377.219000000,objid:8,type:0,xpos:0.000000,ypos:0.000000,xspeed:-2.210000,yspeed:-4.240000,angle:9.160000,distense:55.000000,rcs:20.000000
