timestame:1620902386.770000000,objid:5,type:0,xpos:0.000000,ypos:0.000000,xspeed:6.440000,yspeed:-0.030000,angle:2.250000,distense:49.200000,rcs:9.000000
timestame:1620902386.770000000,objid:6,type:0,xpos:0.000000,ypos:0.000000,xspeed:1.890000,yspeed:0.420000,angle:5.740000,distense:19.000000,rcs:16.000000
timestame:1620902386.770000000,objid:7,type:0,xpos:0.000000,ypos:0.000000,xspeed:-8.080000,yspeed:-0.030000,angle:-15.360000,distense:31.400000,rcs:16.000000
