timestame:1620902384.158000000,objid:2,type:0,xpos:0.000000,ypos:0.000000,xspeed:-5.270000,yspeed:7.300000,angle:8.110000,distense:50.800000,rcs:6.000000
timestame:1620902384.158000000,objid:4,type:0,xpos:0.000000,ypos:0.000000,xspeed:-4.900000,yspeed:4.050000,angle:9.560000,distense:49.400000,rcs:9.000000
timestame:1620902384.158000000,objid:5,type:0,xpos:0.000000,ypos:0.000000,xspeed:4.050000,yspeed:-0.810000,angle:3.030000,distense:32.000000,rcs:27.000000
timestame:1620902384.158000000,objid:7,type:0,xpos:0.000000,ypos:0.000000,xspeed:-7.110000,yspeed:-0.160000,angle:-8.980000,distense:52.600000,rcs:20.000000
