timestame:1620902371.066000000,objid:4,type:0,xpos:0.000000,ypos:0.000000,xspeed:-1.220000,yspeed:-0.680000,angle:13.660000,distense:25.600000,rcs:9.000000
timestame:1620902371.066000000,objid:6,type:0,xpos:0.000000,ypos:0.000000,xspeed:-1.350000,yspeed:-0.120000,angle:-18.000000,distense:43.800000,rcs:6.000000
timestame:1620902371.066000000,objid:7,type:0,xpos:0.000000,ypos:0.000000,xspeed:-6.400000,yspeed:-0.490000,angle:-4.220000,distense:116.000000,rcs:13.000000
