timestame:1620902373.862000000,objid:4,type:0,xpos:0.000000,ypos:0.000000,xspeed:-1.400000,yspeed:-0.250000,angle:14.540000,distense:21.600000,rcs:6.000000
timestame:1620902373.862000000,objid:6,type:0,xpos:0.000000,ypos:0.000000,xspeed:-1.200000,yspeed:0.250000,angle:-18.000000,distense:40.400000,rcs:6.000000
timestame:1620902373.862000000,objid:7,type:0,xpos:0.000000,ypos:0.000000,xspeed:-4.870000,yspeed:-0.190000,angle:-4.590000,distense:103.600000,rcs:9.000000
