timestame:1620902371.444000000,objid:4,type:0,xpos:0.000000,ypos:0.000000,xspeed:-1.250000,yspeed:-0.640000,angle:13.520000,distense:25.000000,rcs:9.000000
timestame:1620902371.444000000,objid:6,type:0,xpos:0.000000,ypos:0.000000,xspeed:-1.300000,yspeed:0.080000,angle:-18.000000,distense:43.200000,rcs:6.000000
timestame:1620902371.444000000,objid:7,type:0,xpos:0.000000,ypos:0.000000,xspeed:-6.290000,yspeed:-0.420000,angle:-4.300000,distense:114.000000,rcs:13.000000
