timestame:1620902363.040000000,objid:5,type:0,xpos:0.000000,ypos:0.000000,xspeed:13.030000,yspeed:-0.290000,angle:-0.620000,distense:141.000000,rcs:9.000000
timestame:1620902363.040000000,objid:6,type:0,xpos:0.000000,ypos:0.000000,xspeed:-2.210000,yspeed:-2.870000,angle:-18.000000,distense:53.400000,rcs:6.000000
