timestame:1620902394.461000000,objid:2,type:0,xpos:0.000000,ypos:0.000000,xspeed:10.360000,yspeed:0.140000,angle:1.260000,distense:77.800000,rcs:16.000000
timestame:1620902394.461000000,objid:5,type:0,xpos:0.000000,ypos:0.000000,xspeed:10.010000,yspeed:-0.080000,angle:0.810000,distense:124.800000,rcs:20.000000
