timestame:1620902386.206000000,objid:3,type:0,xpos:0.000000,ypos:0.000000,xspeed:-1.070000,yspeed:5.510000,angle:-15.930000,distense:52.800000,rcs:6.000000
timestame:1620902386.206000000,objid:5,type:0,xpos:0.000000,ypos:0.000000,xspeed:6.070000,yspeed:0.020000,angle:2.510000,distense:45.200000,rcs:27.000000
timestame:1620902386.206000000,objid:6,type:0,xpos:0.000000,ypos:0.000000,xspeed:1.400000,yspeed:0.020000,angle:4.950000,distense:17.600000,rcs:15.000000
timestame:1620902386.206000000,objid:7,type:0,xpos:0.000000,ypos:0.000000,xspeed:-7.880000,yspeed:-0.110000,angle:-13.570000,distense:36.000000,rcs:20.000000
