timestame:1620902380.316000000,objid:2,type:0,xpos:0.000000,ypos:0.000000,xspeed:-1.700000,yspeed:-0.080000,angle:-4.020000,distense:70.200000,rcs:24.000000
timestame:1620902380.316000000,objid:5,type:0,xpos:0.000000,ypos:0.000000,xspeed:-1.860000,yspeed:-5.380000,angle:-17.460000,distense:56.200000,rcs:16.000000
timestame:1620902380.316000000,objid:7,type:0,xpos:0.000000,ypos:0.000000,xspeed:-3.990000,yspeed:0.080000,angle:-5.570000,distense:79.000000,rcs:15.000000
