timestame:1620902396.566000000,objid:2,type:0,xpos:0.000000,ypos:0.000000,xspeed:11.380000,yspeed:0.120000,angle:1.070000,distense:103.400000,rcs:19.000000
timestame:1620902396.566000000,objid:5,type:0,xpos:0.000000,ypos:0.000000,xspeed:8.770000,yspeed:0.040000,angle:0.840000,distense:143.000000,rcs:9.000000
