timestame:1620902374.487000000,objid:4,type:0,xpos:0.000000,ypos:0.000000,xspeed:-1.460000,yspeed:-0.110000,angle:15.480000,distense:20.600000,rcs:9.000000
timestame:1620902374.487000000,objid:6,type:0,xpos:0.000000,ypos:0.000000,xspeed:-1.200000,yspeed:0.290000,angle:-18.000000,distense:39.600000,rcs:6.000000
timestame:1620902374.487000000,objid:7,type:0,xpos:0.000000,ypos:0.000000,xspeed:-4.580000,yspeed:-0.220000,angle:-4.820000,distense:101.000000,rcs:12.000000
